instrument,0
SH600671,0.0021609940572663426
SH601996,0.00214041095890411
SH601158,0.002020406101626427
SH601921,0.0018101185627658614
SH601368,0.0017773038300897535
SH600168,0.0017245839441234802
SH601107,0.0016992353440951572
SH600033,0.0016960651289009497
SH600177,0.0016761649346295673
SH601198,0.0016661112962345886
SH601200,0.001635858007524947
SH600076,0.0016250914113918908
SH601827,0.001610305958132045
SH600643,0.001577784790154623
SH600377,0.0015776603297310088
SH600321,0.001559697418700772
SH601555,0.0015343306482546988
SH600104,0.0015262515262515263
SH600097,0.0015235773596404356
SH600271,0.0015100037750094375
SH600739,0.0015072725902479463
SH600008,0.0015050041387613814
SH605189,0.0014937635372320563
SH603167,0.0014915355358341412
SH600461,0.001467674469802598
SH601880,0.0014122299110295158
SH601599,0.001410735698666855
SH600022,0.0014105367092178574
SH603156,0.0014053826154170473
SH600242,0.0013991884706870015
SH603808,0.001381692573402418
SH600075,0.0013722126929674098
SH600189,0.0013714599190838648
SH601326,0.0013610997686130395
SH600059,0.0013606367780121093
SH605006,0.0013350243641946466
SH601019,0.0013248542660307366
SH600436,0.0013135426244581638
SH601330,0.0013089005235602095
SH603685,0.0013053126223730586
SH600865,0.0012999675008124798
SH603587,0.0012919062076093277
SH603365,0.0012751849018107625
SH601595,0.0012751849018107625
SH600705,0.001265742674514271
SH600966,0.0012568340350656696
SH603817,0.0012566760917373547
SH600390,0.0012496875781054736
SH603043,0.0012407717600347416
SH601018,0.0012370113805047008
SH600308,0.0012362467548522685
SH600282,0.001234034676374406
SH600751,0.001229180751029439
SH600611,0.0012218963831867058
SH601900,0.0012155099064057372
SH600848,0.0012152883271556176
SH600126,0.0012110936175366354
SH600729,0.0012044564890093346
SH600834,0.001198681450404555
SH600103,0.0011968164681946023
SH603797,0.0011855364552459987
SH600269,0.0011768167107972932
SH600616,0.0011759863585582406
SH601686,0.0011695906432748538
SH603839,0.0011693171188026194
SH600894,0.0011673378859510884
SH600398,0.0011647545279832275
SH600327,0.0011619125079881483
SH605081,0.0011548677676406053
SH600081,0.0011452130096197893
SH600226,0.001145147437732608
SH603183,0.0011410314924691922
SH600305,0.0011363636363636363
SH600569,0.0011344942991661467
SH600568,0.0011332728921124207
SH601366,0.0011319900384876614
SH600676,0.001129496809171514
SH600697,0.0011293692472753966
SH600796,0.001121201928467317
SH605011,0.001119256813475852
SH600802,0.0011077263915812794
SH601801,0.0011074810343872862
SH600867,0.0011071744906997341
SH601188,0.0011013822347045543
SH601688,0.0010958303654594267
SH600368,0.001088139281828074
SH601933,0.0010868383871318334
SH605339,0.0010803219359369091
SH600023,0.0010786904697696995
SH600667,0.0010752110101607442
SH601881,0.00107515320933233
SH601992,0.001074575542660649
SH600663,0.0010730765103551883
SH603948,0.0010687757174157003
SH603511,0.00106315118009781
SH603165,0.0010592659287114031
SH600918,0.0010530749789385006
SH688057,0.001051635292880429
SH601298,0.0010514694285263656
SH603268,0.0010492078480747035
SH600608,0.001043405676126878
SH600704,0.001043079169708981
SH603739,0.0010430247718383311
SH600981,0.001041938004688721
SH603903,0.0010418837257762034
SH600839,0.0010407993338884263
SH601010,0.0010391229802047073
SH601000,0.0010362157401170924
SH600350,0.0010344470880314473
SH600415,0.0010334315093267195
SH600020,0.0010320982557539477
SH600297,0.0010272741281010837
SH605118,0.0010272741281010837
SH603515,0.001025220422390814
SH600819,0.0010195758564437193
SH600429,0.0010184336490477645
SH603900,0.0010178117048346056
SH605599,0.0010171905197843556
SH600598,0.001007759750075582
SH600229,0.0010009008107296565
SH600252,0.0010007505629221916
SH601116,0.00099735700393956
SH600618,0.000991719145138097
SH688365,0.00098159509202454
SH600844,0.0009775648858692996
SH600682,0.0009760382606998195
SH688619,0.0009738994935722634
SH600548,0.0009725261366399222
SH603023,0.0009704968944099378
SH600279,0.0009693679720822022
SH600538,0.000968101069751682
SH600679,0.0009638554216867469
SH603369,0.0009623712828409201
SH601108,0.000957992048665996
SH600507,0.0009561143512764126
SH605567,0.0009560229445506692
SH600694,0.0009554748710108925
SH603033,0.0009549274255156607
SH600967,0.0009528346831824678
SH601816,0.0009527439024390245
SH600088,0.0009513842641042718
SH600838,0.00095047999239616
SH600635,0.0009503896597605018
SH600809,0.0009449562957713206
SH600543,0.0009445546424860678
SH600824,0.0009440641963653528
SH600692,0.0009420631182289214
SH600017,0.0009403799134850479
SH601066,0.0009401146939926673
SH600336,0.0009355849745053095
SH603226,0.0009345357693565722
SH600235,0.0009339248190520663
SH601678,0.0009279881217520414
SH601956,0.0009275147242962481
SH600597,0.0009256259545517657
SH603408,0.0009252405625462621
SH600356,0.0009248554913294797
SH603976,0.0009206831468949962
SH601005,0.0009196670805168528
SH600300,0.0009183579759390212
SH600120,0.0009181471789927925
SH601211,0.0009176416609314062
SH600018,0.0009160025648071815
SH603001,0.0009127835333850578
SH601003,0.0009107053412868266
SZ000157,0.0009091322332833312
SH600162,0.0009079765742043854
SH600800,0.0009072352007257881
SH600983,0.0009062485839865875
SH605162,0.0009052641108043273
SH600051,0.0009000090000900009
SH603278,0.0008986744551786115
SH603256,0.000898069151324652
SH600871,0.000898028826725338
SH600231,0.0008975049362771495
SH600612,0.0008951750067138127
SH600307,0.0008919015340706386
SH605338,0.0008895214374666431
SZ000581,0.0008855435023245517
SH603113,0.0008854258898530194
SH600035,0.0008808244516867787
SH600409,0.0008788118463836892
SH600448,0.0008786574114752659
SH603012,0.0008771929824561404
SH600637,0.0008761938140716725
SH600420,0.0008751969193068442
SH603111,0.000873400585178392
SH603009,0.0008710422019946865
SH600727,0.0008710422019946865
SH600959,0.0008697542944118286
SH600630,0.000868357068426537
SH600439,0.0008651267410675663
SH600117,0.000863818943549432
SH600691,0.0008635578583765112
SH601218,0.0008632596685082873
SH600874,0.0008615119534783546
SH600232,0.0008586639189421261
SH600073,0.0008582217645039478
SH605028,0.0008581849388543231
SH688321,0.0008565677330934945
SH600052,0.0008547373819393991
SH688679,0.0008543722499893203
SH600655,0.0008535336292249915
SH603192,0.0008525512596444863
SH600737,0.0008525149190110827
SH600151,0.000851861316977596
SZ000685,0.0008501955449753442
SH600061,0.0008500871339312279
SH600660,0.0008494733265375467
SH601228,0.0008493650995880578
SH600309,0.0008485722771437057
SH600735,0.000847385814761461
SH603838,0.0008461668641056015
SZ000089,0.0008449157196569642
SH600292,0.0008356662349057785
SH601999,0.0008350382029977872
SH603999,0.0008261390392002973
SH600116,0.000825593395252838
SH603093,0.0008251505899826717
SH601311,0.0008241645032348456
SH601212,0.0008196049504139006
SH603020,0.0008193699045434061
SH688367,0.0008177283506419167
SH601138,0.0008168933545725605
SH600251,0.0008145312372729494
SH600273,0.0008101758081503685
SH600265,0.000810077362388108
SZ000598,0.0008078849571820973
SH601015,0.0008071025020177562
SH600999,0.0008066793046424393
SH603877,0.0008045052292839903
SH600331,0.0008036970062286518
SH603899,0.0008021175904387583
SH600837,0.000801667468334135
SH600083,0.0008002560819462229
SH600897,0.0007992007992007992
SH605155,0.0007990411506192569
SH600623,0.000796305144131231
SH600626,0.0007958615200955034
SH600742,0.0007949441551730991
SH601288,0.0007935878104912309
SH603316,0.0007919223916056226
SH600137,0.000790701352099312
SH600115,0.000787773751378604
SH600527,0.0007874325760856727
SH600693,0.0007850834151128558
SH605277,0.0007837604827964573
SH603079,0.0007825032278258149
SH600133,0.0007825032278258148
SH688067,0.0007810669374365383
SH603708,0.0007800616248683646
SH603116,0.0007799095304944627
SH601512,0.0007789678675754625
SH600857,0.0007749835315999535
SH600854,0.0007738440704198104
SZ001218,0.0007716049382716049
SH600028,0.0007698525732322261
SH603813,0.0007682261657832067
SH601360,0.0007678722260615833
SH600208,0.0007614696363982486
SH603828,0.0007597340930674264
SH605389,0.0007565727255532438
SH600724,0.000754660025658441
SH605178,0.0007546315511451534
SZ002687,0.0007537214999057848
SH688096,0.0007532105600120513
SZ000488,0.0007530687551773476
SH600662,0.0007522473389250385
SZ002228,0.0007497094875735653
SH600748,0.0007493724006144853
SH605055,0.000747077060998842
SH600868,0.0007464357692020602
SH600805,0.0007462965036008806
SH603003,0.0007462686567164179
SH688799,0.0007446293607356939
SH600352,0.0007441860465116279
SH600293,0.0007441029838529652
SH601609,0.0007436602959767978
SH688505,0.0007421701053881549
SH600545,0.0007395355716609969
SH603977,0.0007366211189274795
SH600722,0.0007360789076589011
SH603788,0.0007357268981753973
SH600239,0.0007348888480617307
SH600369,0.0007342143906020558
SH600455,0.000733810310034856
SH603025,0.0007299003685996862
SZ002320,0.00072894266865911
SZ000429,0.0007284912945290305
SH603856,0.0007284912945290303
SH600845,0.0007279874786153678
SH600681,0.0007257947452460444
SH600169,0.0007251368695841339
SH603238,0.0007250054375407814
SH601877,0.0007238770856708531
SZ002485,0.0007225694569890532
SH601098,0.0007220477273547782
SH600755,0.000719165767709457
SH601099,0.0007188297451748555
SZ002217,0.0007186747637356715
SZ002394,0.0007186231181057095
SH600167,0.000718390804597701
SH688051,0.0007161271841879118
SZ002763,0.000715128544355848
SZ002569,0.0007144643303683063
SZ002327,0.0007138013490845499
SH603518,0.0007118451025056947
SH603321,0.0007111363959607453
SH601333,0.0007103029442057036
SH600645,0.0007102272727272727
SH601778,0.0007086669973779321
SH605122,0.0007072886091169502
SH600108,0.0007050197405527355
SH603928,0.0007050197405527354
SH603656,0.0007049700387733521
SH688139,0.0007043989715775015
SZ002515,0.0007019267890359035
SZ000828,0.0007016066792955868
SH688069,0.0006996921354603974
SZ002465,0.0006969369620517824
SZ002423,0.0006959910913140311
SH603337,0.0006958458005705936
SH600215,0.0006954828389609487
SH600278,0.0006953377603170741
SH688538,0.0006945409084595083
SZ002345,0.0006942515967786726
SZ000156,0.0006940347711420343
SH603558,0.0006904170118751725
SH603686,0.0006898454746136866
SH600811,0.0006898454746136865
SH600221,0.0006882549296259334
SZ000030,0.0006876869648935805
SZ002673,0.0006869075422448139
SH600375,0.0006858710562414266
SH601963,0.000685659432959649
SZ002521,0.0006846735818698437
SZ003016,0.0006835503605728152
SH600827,0.0006830834386420299
SZ000967,0.0006820119352088661
SH600170,0.0006797865470242343
SH603429,0.0006785181164337087
SZ000166,0.0006774838250736763
SH600371,0.0006770022341073725
SH603288,0.0006768189509306261
SZ000895,0.000676773145641581
SH603332,0.0006757213325224677
SH603610,0.000675652849565893
SH603228,0.0006752650415288
SH600326,0.0006737182510274202
SH600128,0.0006734687005421423
SH600928,0.0006734233475874608
SH688066,0.0006720655936019355
SH603729,0.0006720204294210544
SH600905,0.0006719075455217362
SH601113,0.0006715240237719504
SH600741,0.0006712986271943073
SZ000563,0.0006702412868632708
SH603101,0.0006698596644003082
SZ000050,0.000669702652022502
SZ000413,0.0006676235938178055
SH600315,0.0006669556807950111
SZ002743,0.0006666888896296544
SH600628,0.0006658232904987017
SH603926,0.0006651147322913202
SH688393,0.0006646063868673777
SZ000990,0.0006625588020936858
SH600266,0.000662361318099023
SH603077,0.0006611351690853195
SZ002102,0.0006610259122157587
SH600567,0.0006605674274201539
SH603882,0.0006600006600006599
SH603112,0.0006594348643212766
SZ002224,0.0006577649148194435
SH600288,0.0006570733950982324
SZ000538,0.000656318708364782
SH603767,0.0006551577292233106
SH603038,0.0006543217954590067
SH600851,0.0006541077969649397
SH688178,0.0006528267397832615
SZ000890,0.0006522731720044355
SH603630,0.0006514870191211441
SZ002293,0.0006510628601191445
SH600835,0.0006507874528179096
SH605179,0.0006493506493506494
SH600016,0.0006484663770183516
SH600717,0.0006468514505643777
SZ002969,0.0006461409233353796
SH600887,0.0006460783046905285
SZ002588,0.0006459948320413436
SH600025,0.0006437699166317958
SH603958,0.00064285943878371
SH600989,0.0006424051649375261
SH603131,0.0006390388855161836
SZ002065,0.0006390184676337146
SH601718,0.0006380399413003254
SH601997,0.0006377551020408163
SZ002910,0.0006374501992031874
SH688079,0.0006362537379907107
SH601339,0.0006357279084551813
SH600000,0.0006357077015988049
SH600206,0.0006353845665088794
SH603698,0.0006350819255683983
SZ000783,0.0006336533282641067
SH600658,0.0006334927623451902
SH601156,0.0006333924499619965
SH603551,0.0006333322777795371
SH600449,0.0006329915179136599
SH600295,0.000632831287178838
SH600770,0.0006318716036901301
SH688500,0.0006318516412346381
SH601169,0.0006317718040243864
SH600163,0.0006310541760010097
SH603682,0.0006298617453468963
SZ002233,0.000629802242095982
SH688513,0.0006290692919825118
SZ300155,0.0006288714901109959
SH600094,0.0006286738125923365
SZ300599,0.0006281012499214874
SH605268,0.00062758880381574
SH603568,0.000625645196609003
SZ000501,0.0006248828344685371
SZ000088,0.0006242976651267324
SH601811,0.0006235580220739539
SH600319,0.0006227813414710095
SH600085,0.0006227231684154807
SH603711,0.0006217745445501461
SH600714,0.0006214074879602299
SZ000528,0.0006212916653723091
SZ000848,0.000621195179525407
SH600711,0.0006205591237705172
SH605066,0.0006199820205214048
SH600257,0.0006191183754333828
SH600178,0.0006185056902523504
SH600122,0.0006179323981956375
SH603585,0.0006179133067630611
SH600337,0.000617875127436745
SZ002373,0.0006177224572999351
SH600396,0.0006176652254478072
SZ300106,0.000616617851086789
SZ000062,0.000616617851086789
SH600517,0.0006141751627564182
SZ002820,0.0006136098668466589
SZ000750,0.0006134969325153375
SZ002479,0.0006129516687609183
SZ000532,0.0006106497313141182
SZ000652,0.0006097375080028047
SH600323,0.0006096631611034903
SH688981,0.0006084020320627871
SH600540,0.00060779189205616
SH600498,0.0006076626257102057
SZ300255,0.0006067592985862509
SH688528,0.0006057118628668342
SZ000850,0.0006047046018020197
SH603096,0.00060437567992264
SZ002608,0.0006040836051709557
SH600289,0.0006035731530661516
SH600602,0.0006031363088057901
SZ002563,0.0006028272598486903
SZ002067,0.0006027000964320155
SZ000735,0.0006023733510029517
SH600648,0.0006023189278723084
SH688088,0.0006019563581640331
SH600310,0.0006013048314843209
SZ002381,0.0006012325266796934
SH600784,0.0006005464973125544
SH600815,0.0006003121623244087
SH600030,0.0005996821684507211
SH601139,0.000599592277251469
SH603458,0.0005994305409860632
SH601086,0.0005975500448162533
SH600007,0.0005966053157533633
SZ002712,0.0005960718862694841
SZ300664,0.000595876534382076
SH600688,0.0005958587814687918
SZ300270,0.0005954684848304403
SH600281,0.0005951141131311929
SH688183,0.0005942829975634397
SH603115,0.0005942123715015746
SZ300381,0.0005941947176089606
SH600601,0.0005941770647653001
SH600006,0.0005937360843105239
SH601375,0.0005931549913992527
SH600496,0.0005926979611190137
SH600767,0.0005921364282330648
SH603886,0.0005920312592504884
SZ002721,0.0005916459590580997
SH688013,0.0005913835417960318
SH603385,0.0005912961210974457
SZ002671,0.0005911213572146362
SH603022,0.0005911038865080538
SH605033,0.0005900749395173187
SZ002247,0.0005900575306092345
SH600558,0.0005888414544383925
SH600675,0.000588650812338121
SZ002052,0.0005852916215504375
SH605580,0.0005846756511825065
SH600516,0.0005846585594013096
SH600234,0.0005843510781277391
SH600609,0.0005838563713326521
SZ300234,0.0005838052425710783
SZ002636,0.0005836859769444039
SZ002376,0.0005831583858175881
SZ002344,0.0005828694663830036
SH600624,0.0005828524800373026
SZ300291,0.0005825468950250496
SH600054,0.0005818689631095078
SH600480,0.0005805009723391287
SZ000725,0.0005801810164771409
SH603700,0.0005797773654916512
SH605158,0.0005792568135082689
SH600561,0.0005778676683039584
SH600955,0.000577667379123101
SH600580,0.0005776173285198556
SZ001217,0.0005774338838203026
SH603028,0.0005772005772005772
SZ002029,0.000576169624337405
SZ000039,0.0005761032377001958
SH600277,0.0005749108888122341
SH601952,0.0005738057667479559
SH603222,0.0005730659025787965
SZ000752,0.0005730330640077932
SH603528,0.0005729017473503294
SH600653,0.0005729017473503294
SH600210,0.0005719351425548342
SH601568,0.0005712164053351612
SH600362,0.0005704018481019878
SH600488,0.0005699142279086998
SH603080,0.0005684078895015062
SZ002392,0.0005677463309393363
SH601857,0.0005674885792923417
SH600743,0.000567311510750553
SH600716,0.0005671023903365753
SH600228,0.0005669577049552104
SH600650,0.0005665882886200742
SH601665,0.0005664117813650524
SH601588,0.0005662514156285391
SH600463,0.0005661712668082095
SH600511,0.0005659790021790192
SZ002429,0.0005658829188240953
SH600719,0.0005653071030837501
SZ002283,0.0005652751476781324
SH600037,0.0005652591713300549
SH603555,0.0005650515609549371
SH601229,0.0005637773079633545
SZ002109,0.0005637137461597001
SZ000559,0.0005629679671226707
SH600883,0.0005626987029794897
SH603336,0.0005626353841393085
SH600155,0.0005623822512161516
SH689009,0.0005622557701498411
SH600298,0.0005618608832453085
SH603536,0.0005616715344866322
SH600490,0.0005615769079575448
SZ000997,0.0005614507888383583
SZ002391,0.0005612302166348637
SZ000761,0.0005609626118419207
SH688336,0.000560899683091679
SZ300695,0.0005607581450120564
SH603060,0.0005602083975238789
SZ000987,0.0005601770159370361
SH601860,0.0005600358422939068
SH600998,0.0005597223777006605
SH600728,0.0005596910505401018
SH600261,0.0005594249111912954
SH600831,0.0005583472920156337
SH601577,0.0005576467307960407
SZ300145,0.0005574136008918618
SH601500,0.0005567153792623522
SH600306,0.0005553241704845203
SZ300355,0.0005545389009038984
SZ002970,0.000553296262483747
SZ002650,0.0005525472427892584
SH600410,0.0005517850245544336
SZ300625,0.0005517393583271262
SH605318,0.0005516480485450283
SH600649,0.0005514655196183859
SH600841,0.0005508883073956756
SH600203,0.0005506759547344366
SZ300259,0.0005485313074243712
SH688055,0.0005481103894324317
SZ300388,0.0005473154178753216
SH600019,0.0005472854640980735
SZ000800,0.0005470160275696078
SH603662,0.0005468066491688539
SH600012,0.0005466422499795009
SH600456,0.0005459260270233384
SH600823,0.0005457323728443571
SH601009,0.0005453603468491806
SH601238,0.0005443954488540476
SH600207,0.0005428881650380022
SZ000862,0.0005414331736105472
SH600426,0.0005397090967968264
SH600843,0.0005395780499649275
SZ300150,0.0005393016044222731
SZ000936,0.0005391416864351952
SZ002663,0.0005382421012971634
SZ300275,0.0005367398421984864
SZ300238,0.0005357908272610373
SZ002736,0.0005355182477842933
SH603053,0.0005350168530308705
SZ001872,0.0005345735439553097
SZ300897,0.000533845825325646
SH600592,0.0005335609860207022
SH688466,0.0005333191114903602
SH600468,0.0005332764505119453
SH600105,0.0005331627212625292
SZ300172,0.0005330774561543792
SH603626,0.0005323679727427598
SH600725,0.0005319431884674717
SH600166,0.0005317876040309501
SZ002719,0.0005310956503266238
SH601233,0.0005310674455655868
SZ000027,0.0005307714763408615
SZ000651,0.0005303914288745093
SH600793,0.0005302226935312832
SH603657,0.0005301664722722935
SH603159,0.0005296329643557015
SH603015,0.0005290585403274872
SZ000901,0.0005288766659614978
SZ301061,0.0005286390188459811
SH601990,0.0005285691632750146
SH688660,0.0005279134221987594
SZ002774,0.0005275652862041678
SZ002154,0.0005269120320362516
SZ300241,0.0005265097667561734
SZ002495,0.0005260527630921381
SH600219,0.0005252100840336134
SH600596,0.000525154920701607
SH603601,0.0005249481613690648
SZ000971,0.0005249068290378458
SZ002574,0.000523642456930408
SZ000720,0.0005230125523012552
SZ000425,0.0005228894873068576
SZ300789,0.0005224250973016744
SH600127,0.0005215395848544905
SH688655,0.0005214987875153191
SZ300849,0.0005212405525149857
SH600961,0.000521172638436482
SH603637,0.0005211454777601167
SH601607,0.0005208604614823689
SH600551,0.0005207112916243589
SZ300277,0.0005203861265058675
SH600746,0.0005201966343277759
SH601398,0.0005187260089220874
SH600098,0.0005182958432673369
SZ000869,0.0005179871021211572
SH600779,0.0005178127589063795
SH600808,0.0005177323323841574
SH603199,0.0005176117394342503
SH601633,0.0005172101683519097
SH600299,0.0005171834190995836
SH601011,0.0005171165580721895
SH600593,0.0005167958656330749
SH688669,0.0005167825120797911
SZ002266,0.0005167024052496964
SH600089,0.0005166757084915653
SZ300543,0.0005165556072111163
SZ300824,0.0005158095631093001
SZ300883,0.0005156898641157208
SH603006,0.0005156366823935855
SH601002,0.0005156100956456728
SZ000712,0.0005152647172484864
SH600980,0.0005152248956669586
SH601388,0.0005150922015040692
SZ002249,0.0005146415521589213
SZ300011,0.0005146018268364853
SH600029,0.0005143768324674656
SH603718,0.000514363603631407
SH600467,0.0005136106831022085
SH603661,0.0005135051864023826
SZ002321,0.0005131494547787043
SH601318,0.0005129520389843549
SH603680,0.0005129125740517529
SH600173,0.0005126890540886952
SH688683,0.000511993446483885
SZ002239,0.0005117969189825477
SH688030,0.0005115351168857742
SH600143,0.00051131279560271
SH600909,0.0005112343753994018
SH600486,0.000511221307704105
SH600783,0.0005110776071346434
SH603380,0.0005104775517496618
SH600559,0.0005102301137813154
SZ002099,0.0005101390128810101
SZ002311,0.0005094762584063583
SH600236,0.0005086081936780001
SH601162,0.0005085823267641449
SH603987,0.000508440105755542
SZ300956,0.0005083496428843759
SH600969,0.0005082979642666532
SH688338,0.0005080139195813966
SH600359,0.000507988113078154
SZ002419,0.0005075240439515823
SZ300867,0.0005072022722661798
SZ002023,0.0005070865343170813
SH600678,0.0005064701562460431
SH600792,0.0005060728744939271
SH600186,0.0005058808650562792
SH600339,0.0005057401507105649
SH600015,0.000505420636324581
SH600734,0.000504910252202671
SH601377,0.0005042101547925175
SZ000910,0.0005041338979632991
SH603557,0.0005034612964128383
SH600031,0.0005030940282738844
SZ300185,0.0005030181086519115
SH601216,0.0005026641198351262
SZ000058,0.0005024620641141594
SZ300231,0.0005021718934391243
SH603098,0.0005020962518514799
SZ000567,0.000501856870420556
SH688277,0.0005015170891948143
SZ300193,0.0005014165016170683
SH601916,0.0005014039310068191
SH601328,0.0005009894541719897
SH603803,0.0005009016229212583
SZ300215,0.000500225101295583
SZ003013,0.0005002125903508991
SZ000806,0.000499887525306806
SZ002274,0.0004992137383620797
SH600740,0.0004991389852504431
SH600810,0.0004990767080900334
SH601528,0.0004983430094934343
SZ000703,0.0004982064567556796
SH600919,0.0004968450340338849
SZ300701,0.0004964750273061265
SZ002398,0.0004964380569414451
SH603980,0.0004964134130904217
SZ300220,0.000496167109082339
SH600619,0.0004953437685753912
SZ300641,0.0004946821667078902
SH600519,0.0004945231560467819
SH600718,0.0004943764676801385
SH605069,0.0004938027751715965
SZ002722,0.0004935955971272736
SZ000536,0.0004926229710091382
SH603836,0.0004918960131828132
SZ000912,0.0004918718182041759
SZ002811,0.0004918476256055875
SH688222,0.0004916662569447858
SH600335,0.0004913884179749883
SH600603,0.0004913159898788906
SH600977,0.0004910626595953643
SZ002075,0.000490604915861257
SH603605,0.000490376363859262
SZ000415,0.0004902801951315177
SZ300349,0.0004900999803960008
SH605298,0.0004899318994659742
SZ000301,0.0004897399480875655
SH600529,0.0004893564962074871
SH603608,0.0004885675200312683
SH603818,0.0004884362712775051
SZ300997,0.0004884124154436007
SH600477,0.0004883050930221202
SH603030,0.0004877097151775263
SZ000969,0.0004876502572355107
SZ300449,0.0004875908137890683
SH600276,0.0004875551546768728
SH603707,0.00048736506079879137
SZ000825,0.00048721071863581
SH600621,0.0004870208931963181
SH603725,0.00048698531739268066
SH600926,0.0004867008979631567
SH600346,0.00048590864917395527
SH600187,0.00048582602570019677
SZ000958,0.0004850954425283175
SH601012,0.00048507191191094075
SZ000858,0.0004848132257047972
SZ002032,0.000484742722799874
SH600526,0.0004843670533530309
SH600064,0.00048419115866944263
SH600258,0.0004838748699586287
SZ300961,0.0004834771677907511
SH600639,0.00048334863937358016
SH600372,0.0004825789016504198
SH601006,0.0004823693984853601
SH600446,0.0004822182037371911
SZ300120,0.0004817419789960497
SZ002042,0.00048104675774485276
SZ002500,0.000481035187723982
SH603855,0.00048102361825965654
SH600156,0.00048089639087258655
SH601901,0.00048058439061899276
SH603456,0.0004804689376831787
SZ300826,0.00048036507745886876
SH601988,0.0004799385678633134
SH600188,0.00047938638542665386
SH603988,0.000479363405397632
SZ000423,0.0004793174519484254
SH600233,0.00047893867190306285
SZ000016,0.00047878961984104186
SH603638,0.000478434562112767
SZ000410,0.0004780343228643816
SZ300854,0.00047760053491259914
SH600365,0.00047745231445009423
SH600846,0.0004772130756382725
SH688656,0.00047709923664122136
SZ000078,0.00047678077619910363
SZ300198,0.0004767580452920143
SH688039,0.0004762698544995594
SH600135,0.00047606579229249476
SH600565,0.0004757260769249066
SZ002105,0.00047424831641847674
SH600604,0.0004731040355774235
SH600119,0.00047307046384558984
SZ000419,0.00047300333467350944
SH688690,0.00047285795347077735
SH688118,0.00047277970829491994
SH600960,0.0004725897920604915
SH688087,0.0004724669863693274
SZ002776,0.0004723219346306443
SZ300213,0.00047214353163361664
SZ002106,0.0004721323859210122
SZ000905,0.0004719875395289564
SH600157,0.0004719652633566169
SH603323,0.0004717092384254345
SZ300266,0.00047156465151372253
SZ300063,0.0004714201532115498
SZ000875,0.000471253534401508
SH600689,0.00047084304447112554
SH688296,0.000470787627701144
SH600836,0.00047068791038102183
SZ002635,0.00047058823529411766
SZ300898,0.00047027840481565086
SH600708,0.0004700352526439483
SH603617,0.0004697261496547513
SZ300976,0.0004693844023563097
SH600066,0.0004690541523018833
SZ301081,0.0004690541523018832
SH603026,0.00046871338176704945
SH601878,0.00046849379245724994
SH600585,0.0004683073032523941
SH600497,0.00046730063786537074
SH603178,0.00046702783485895764
SH601888,0.00046683161383688905
SZ301045,0.0004666028976039942
SH600361,0.00046653759126641625
SH600888,0.0004663744053726331
SZ000903,0.00046634178189194865
SH601606,0.0004660375160200396
SZ002277,0.00046586382800307464
SZ002695,0.0004657119571544999
SH600982,0.00046562521826182105
SZ002596,0.0004655168400716896
SZ002440,0.00046540851232169044
SZ300901,0.0004653543673507376
SH600908,0.0004652461151949381
SH601918,0.0004650946467606158
SZ000599,0.0004648136097424932
SZ002732,0.00046469481168242763
SH688366,0.00046439269045905207
SH603890,0.00046426333016086726
SZ000717,0.0004642417771175228
SH600433,0.00046364985163204744
SZ000976,0.00046338129329718956
SH603221,0.00046338129329718956
SH600489,0.0004624170539409493
SH600423,0.00046207517963172605
SZ002127,0.00046188309738805103
SH601336,0.00046179777875268426
SH601928,0.0004615207107418945
SH600979,0.0004615207107418945
SH688681,0.00046120142972443215
SH603906,0.0004604581558650858
SH600343,0.00046033097797316264
SZ000876,0.00046018269252893394
SZ300992,0.0004601721043670333
SH600589,0.000460161516692359
SH600320,0.0004599498654646643
SZ002202,0.0004598441128457453
SH688181,0.00045962219055936025
SZ300665,0.000459463805738703
SZ300210,0.0004591262826840523
SZ300429,0.0004591052039574868
SZ000568,0.000459094665319989
SZ000988,0.0004589787722317843
SH603195,0.0004588208304657031
SZ002310,0.00045881030487944757
SH603187,0.0004587050755716612
SZ002325,0.00045866299736268775
SZ000548,0.00045843170513672725
SZ300906,0.0004575821359934109
SH600530,0.0004575507309372926
SZ002775,0.00045737285034760336
SZ301042,0.000457184656882915
SZ002281,0.0004569861761681709
SZ300905,0.0004569757345884933
SH603390,0.00045685047284023937
SZ301056,0.0004567148500833505
SZ300098,0.00045662100456621003
SZ300422,0.00045662100456621003
SZ000686,0.00045637093829864917
SH603393,0.0004562980538888001
SZ002004,0.00045621478592121177
SZ002889,0.00045621478592121177
SH600032,0.00045603794235680404
SZ000048,0.0004559547692868868
SH600255,0.0004554563672800145
SH603618,0.00045533193698206
SZ000881,0.00045499010396523877
SH601866,0.0004548762736535662
SZ002893,0.0004544421722335833
SZ002815,0.0004541532313002407
SH600382,0.00045397798206786973
SH600690,0.00045395737340263754
SZ300173,0.00045388525780682646
SH600595,0.00045368963092348524
SH600578,0.00045363817818907636
SZ300555,0.0004533913674283642
SZ300749,0.0004528985507246377
SZ002226,0.0004523556420057449
SZ002418,0.00045198761553933423
SZ000833,0.0004518344478583048
SH603037,0.0004517323937299544
SZ002533,0.00045170178648056545
SH601187,0.00045138575426559535
SH688701,0.00045092778391540595
SZ002457,0.00045054177648622476
SH603879,0.00045031860040978993
SZ000659,0.00045006525946262216
SZ000679,0.0004499943750703116
SH600512,0.00044987291090266995
SZ002304,0.0004493271326189032
SZ002451,0.0004491253284228964
SZ300133,0.0004491152429713465
SH603269,0.0004489438595703608
SZ300243,0.0004483902788987535
SH603663,0.00044825963197884215
SH600109,0.00044804874770375025
SZ300276,0.00044789823752043535
SZ002092,0.00044787817713581906
SH600395,0.00044784808992789644
SH603313,0.0004476676515355001
SZ301006,0.000447647611799991
SZ000552,0.00044754744002864304
SZ002677,0.0004471172117770673
SZ300175,0.00044662795891022776
SZ300219,0.00044655815303547904
SZ000605,0.000446318984177992
SZ000591,0.0004460502252553638
SZ001206,0.0004459408236527013
SH600138,0.000445901054555994
SH603909,0.000445901054555994
SH600763,0.0004458016628402024
SH603239,0.0004457321149988857
SZ000661,0.00044556330340633137
SH600107,0.00044533511467379205
SZ001210,0.00044527562561225397
SH688662,0.0004452458870411185
SH600654,0.00044516660360139785
SH600963,0.00044502792550232524
SH600733,0.0004449685184773177
SZ000582,0.0004449190247374978
SH688091,0.0004447211598327848
SZ300968,0.00044453335111466745
SH605167,0.0004443160864639104
SH603299,0.0004439018976806126
SZ300097,0.0004435278202825272
SH600139,0.0004435179846542777
SH605166,0.0004429776960730027
SH688159,0.0004428109639994686
SH603161,0.0004426149692382596
SH688090,0.0004426149692382596
SZ300321,0.0004420182553539461
SZ000962,0.00044188153156138836
SZ002055,0.0004416863585168172
SH601077,0.0004415693374252092
SZ002505,0.00044133548116600835
SH688568,0.00044131600432489686
SH600629,0.00044067423157430867
SZ300807,0.0004406353962413801
SZ300230,0.0004404316229905307
SZ300462,0.0004402861860209136
SH601101,0.00044027649363800463
SH600179,0.00044007305212665296
SZ300885,0.0004400149605086574
SH603109,0.0004400149605086573
SZ300292,0.0004400052800633608
SZ300448,0.0004399762412829707
SZ000791,0.0004396667326166766
SZ002134,0.0004394831677946735
SH601818,0.0004390201071209062
SH603588,0.00043888523151195964
SH600539,0.00043872156535854523
SH600190,0.0004386445882223928
SH600895,0.0004386253481588701
SH601319,0.00043833694961316756
SZ002428,0.0004381640924526235
SZ300572,0.0004381352961794602
SZ300815,0.0004380873108010427
SZ300195,0.0004376463379942669
SZ300048,0.00043732097172719924
SZ002611,0.0004372636043638908
SZ002745,0.00043704383549670033
SH688065,0.0004368624538564033
SH600125,0.00043684336980975467
SZ300583,0.00043671936413660587
SZ300478,0.00043670982815468266
SZ300862,0.0004366240230537484
SH600380,0.00043659542884586004
SZ300564,0.00043655730906074695
SZ300333,0.0004363858523706661
SZ000882,0.0004363382494109433
SZ002867,0.00043583429580073657
SZ300965,0.0004357963088052644
SZ300843,0.0004350474201687984
SH688350,0.0004349622670233357
SZ003019,0.0004349244318799609
SZ002725,0.0004349055167764803
SZ002496,0.0004347070074769605
SZ300800,0.0004345653260326358
SH600408,0.0004344614849893557
SZ300304,0.0004343576935606472
SZ300344,0.0004341785342132685
SH603055,0.00043409372083432813
SH603320,0.00043363253978578555
SZ300375,0.00043362313813065064
SZ300227,0.00043331311205477085
SZ300040,0.0004331723376145199
SH601598,0.0004331254331254331
SZ000715,0.00043302227899625435
SZ300334,0.0004330035289787612
SH688126,0.00043261015336029933
SH603013,0.00043259143901542185
SH688517,0.00043255401518264586
SZ300469,0.00043239503610498556
SZ300189,0.0004323856880337261
SZ003035,0.00043204942645438634
SZ300004,0.00043192812715964066
SH600077,0.0004317602866888304
SZ002136,0.00043158326320105305
SH600929,0.00043141569058866675
SZ002131,0.0004313040477884885
SZ002242,0.00043122965135082694
SZ301085,0.0004307652544745741
SH605169,0.0004305056288610974
SZ002097,0.0004301352775447878
SH688511,0.00043008902842888477
SH601969,0.000429747093835278
SH603586,0.0004295809437893335
SZ300084,0.00042923060414207535
SZ300099,0.00042904644427759305
SZ000402,0.00042900963126622197
SZ000859,0.0004289176263698557
SH601001,0.0004282746953896229
SH688319,0.0004281188457915917
SZ000861,0.0004280730292587915
SZ002041,0.00042799058420714745
SZ300552,0.00042787155295980145
SZ300384,0.0004278532463365066
SH603949,0.0004275879762261086
SZ300414,0.00042747830547599705
SH601231,0.0004274234911950761
SZ003008,0.0004271222637479979
SZ002700,0.0004265028895570768
SZ301055,0.0004264028654272557
SZ300840,0.00042632106239208744
SH600696,0.0004262029578485274
SH600201,0.0004260849187243018
SZ000898,0.00042589437819420784
SZ002386,0.00042574931880108986
SH601717,0.00042549570249340483
SZ002627,0.0004253509145044662
SH605336,0.00042528760074000044
SH600067,0.00042517006802721087
SZ002200,0.000425161029740014
SZ300399,0.0004248900596970534
SH603727,0.00042484493159996597
SZ300999,0.0004247547041583485
SH601939,0.00042474568352199115
SZ002696,0.0004245202920699609
SH603356,0.0004244932611694789
SH688779,0.0004244842516342644
SH688260,0.000424358158285593
SZ002493,0.0004242321398269133
SH688468,0.0004241421724562074
SZ300152,0.00042407921799792196
SH600790,0.00042336106348299146
SZ300279,0.00042306553285103866
SZ300153,0.0004228508605015011
SH600459,0.00042263640590000425
SH600638,0.0004226096143687269
SZ300621,0.00042216358839050134
SZ002470,0.0004218252378039778
SH688077,0.00042173628829892664
SZ002926,0.0004216118219954888
SH688217,0.00042150519505152904
SZ300420,0.0004212477357934201
SZ002646,0.0004212477357934201
SH600873,0.00042112355765181505
SZ002163,0.0004210792260563824
SH688050,0.0004207160587319618
SH600798,0.0004205479740101352
SH600202,0.0004203181808629132
SZ300368,0.0004202651873332073
SZ000963,0.0004200974626113259
SZ002195,0.0004200180607766134
SZ002236,0.00041995632454224765
SH601118,0.0004199298717114241
SH601166,0.0004198769760460185
SH600159,0.00041968313922988144
SZ002341,0.000419216902825522
SZ000668,0.0004191378334765388
SH603659,0.00041886571165284406
SH600765,0.000418848167539267
SZ002367,0.00041870786752083066
SZ300595,0.000418147606104955
SZ300931,0.0004172055571780216
SZ002697,0.0004172055571780216
SH688621,0.0004171272446659854
SZ300903,0.0004170315692897952
SH600581,0.0004168142883938061
SH601828,0.0004164844547177276
SH601518,0.00041646710951002644
SH603266,0.0004163370664890296
SH603160,0.00041610319359201083
SH688131,0.0004159820295763223
SH603991,0.0004159128246719488
SZ300637,0.000415817705517901
SZ002718,0.0004157744839199219
SZ000541,0.00041572262986135653
SH688509,0.0004154635534597728
SH600712,0.0004152737692323664
SH600782,0.0004151617054842861
SH603848,0.0004151530877010898
SZ300644,0.00041483448104206425
SH605016,0.00041478286117217636
SZ002405,0.0004140358140979195
SH603898,0.0004139586869230451
SH603888,0.00041393298424984996
SH600191,0.00041391585090751046
SH600885,0.00041388158847753656
SZ000010,0.00041366757673533554
SZ000565,0.00041351362527395274
SH600817,0.0004134708813131835
SZ002971,0.000412779658218443
SZ000632,0.0004127541017438861
SZ001696,0.00041241365089184453
SZ002360,0.00041239664309132524
SZ002968,0.0004119634176485128
SH688272,0.00041195493213042495
SH600549,0.00041174290772841434
SZ300067,0.0004116751060063398
SH600483,0.0004115903852486005
SZ002078,0.00041152263374485596
SZ300899,0.0004114718347529111
SH603896,0.00041131105398457585
SH600862,0.0004109307581672488
SZ000520,0.00041080414912190614
SH688019,0.0004100209110664644
SZ002637,0.0004100041000410004
SH600863,0.00040977728604503445
SZ000823,0.000409693344531618
SZ002539,0.00040958427196395656
SH600702,0.00040918204509186136
SZ300923,0.00040908161178155044
SZ300907,0.00040898122776164575
SZ000709,0.00040893105422425786
SZ002476,0.00040885581699613634
SZ300336,0.0004088307440719542
SH601995,0.0004088140304975266
SZ301009,0.000408797318289592
SZ000793,0.00040870542556452436
SZ300475,0.0004084883887175507
SH600425,0.00040797176835362994
SZ002548,0.00040797176835362994
SH603002,0.00040797176835362994
SZ000333,0.00040765577546319885
SZ300402,0.0004074896599498788
SH600936,0.00040741495212874313
SH600509,0.0004071992833292613
SH600397,0.00040696727983070163
SH600531,0.00040668591646671274
SH603127,0.0004065867046147591
SH603829,0.00040651232748633106
SZ002414,0.0004065040650406504
SZ002742,0.0004064544974190139
SZ000902,0.0004059842072143394
SZ300628,0.0004058194509262829
SH600132,0.0004057618178129438
SZ002499,0.0004056383733901227
SH688396,0.0004056136935182932
SZ300103,0.0004053999270280132
SH688219,0.0004053917097395358
SZ002399,0.0004053341980462892
SH605183,0.0004049320726448138
SH600403,0.00040480913249402905
SZ300507,0.00040470264473178337
SH600903,0.0004046289552480376
SZ301022,0.0004044489383215369
SH688076,0.00040417921306307224
SZ002378,0.00040408938457186735
SH603198,0.00040404040404040404
SZ002352,0.00040403224177289345
SZ000007,0.0004039587962027873
SZ300419,0.0004039424785910486
SZ000708,0.0004037304695385361
SZ002461,0.0004037060212753073
SZ300529,0.00040360825782495514
SH603259,0.0004034617013979948
SH600462,0.0004033965993666674
SZ300211,0.0004032258064516129
SH600858,0.00040298206729800525
SZ300200,0.00040284407919914596
SZ300790,0.00040269807711668175
SH600262,0.00040246307401295927
SZ000060,0.00040243068131514347
SH600360,0.0004023092551244141
SZ300082,0.00040230116265036007
SZ300245,0.0004020908725371934
SZ300892,0.0004020908725371934
SZ000830,0.0004015983614786851
SZ300309,0.00040141297366730897
SH601128,0.00040134853106437633
SZ000883,0.00040133242364650645
SZ002179,0.00040113923542861726
SZ002730,0.00040109901129093713
SH600333,0.0004010266281681104
SZ002295,0.0004008417677121956
SH603108,0.00040076144674882274
SH600576,0.0004005046358411599
SZ002255,0.0004004725576179892
SH601020,0.00040045652043329394
SZ000006,0.0004004404845329863
SZ000069,0.0004003603242918627
SH600021,0.00040010402704703223
SZ002615,0.0003998560518213443
SH600736,0.000399800099950025
SH600600,0.00039973617412507746
SZ002787,0.0003995365376163651
SZ300735,0.00039929723686312087
SZ000551,0.0003992892651081076
SZ300157,0.00039919362886968327
SZ002215,0.0003991219317501497
SZ002507,0.00039908211114436795
SH600759,0.0003990422984836393
SZ300962,0.0003990184146998384
SH600055,0.0003988194942968812
SZ301007,0.0003987399816579609
SZ002807,0.00039869228929112504
SZ000518,0.0003986763943706893
SZ300509,0.0003986128273607845
SZ300272,0.00039859693877551027
SZ300484,0.0003984539984858748
SH600522,0.0003983984382781219
SH600757,0.00039822392131095316
SH600184,0.0003977329223426469
SH603779,0.0003973852053488049
SZ000852,0.00039730626353324465
SZ300371,0.0003965814677480121
SZ002402,0.00039649498433844816
SH688395,0.00039647140449995043
SZ300342,0.00039627501486031304
SZ002948,0.00039612588880746306
SZ002938,0.00039560091779412935
SH688085,0.0003954757573360753
SZ002081,0.00039538193895302865
SZ000545,0.0003952569169960474
SZ300739,0.00039517881841533294
SZ002759,0.00039496810632541423
SH600096,0.0003947576188220433
SZ000589,0.0003944773175542406
SH600332,0.00039429844449263645
SH603677,0.00039418964463803537
SH603506,0.0003941275002463297
SZ002582,0.0003940420836945386
SH688313,0.00039404208369453854
SH603059,0.0003938015633922067
SH600997,0.00039346068344120716
SZ002186,0.00039306631028654534
SZ002661,0.0003930431364842291
SH600884,0.00039290415103235564
SH601966,0.00039278069090123533
SZ001201,0.00039248778381772867
SH603018,0.000392410775599898
SZ002856,0.0003923645851725424
SZ000917,0.0003922260791120002
SZ002278,0.00039217224204870783
SH603488,0.00039199545285274686
SZ000637,0.00039191863769081535
SH600136,0.00039184952978056425
SZ002571,0.0003917267314321529
SH600358,0.0003915656753528986
SH688567,0.0003915120194189962
SH600283,0.00039134348217430433
SH601021,0.0003913358248380848
SH601619,0.0003912210007433198
SH688004,0.0003912056959549331
SH601058,0.00039117508997027066
SZ002504,0.0003911291899714476
SZ002670,0.0003910603601665917
SZ300770,0.00039105271390583454
SZ300948,0.00039100684261974585
SH603706,0.00039065551996249706
SZ300242,0.00039051821767485456
SZ000785,0.0003904267364229102
SZ002641,0.00039012971813127864
SH605507,0.0003898103572611924
SH603611,0.00038943084681737633
SZ300823,0.00038937777431664205
SZ002357,0.0003892413685726519
SZ000972,0.0003892413685726519
SH600392,0.00038897640858081954
SZ300746,0.00038896127890468505
SZ300126,0.0003888176056611844
SH600370,0.00038880248833592535
SZ300922,0.0003887722572117254
SH601865,0.00038873447491690805
SH600550,0.0003886966999650173
SZ000555,0.000388681592039801
SH688328,0.00038868159203980096
SZ002983,0.00038859851943964097
SZ002413,0.000388590969145877
SH600009,0.0003879352148191252
SH600123,0.00038789007195360833
SZ002946,0.00038686964427336206
SZ002833,0.0003867200340313629
SH600975,0.0003863689050305232
SZ000046,0.0003861973082047618
SH688009,0.00038583968361145945
SH603181,0.00038579502710210065
SH688586,0.00038578014389599365
SZ300177,0.0003856090695253152
SZ002916,0.00038556446637877856
SZ002620,0.00038556446637877856
SZ300947,0.00038547529103384473
SZ001211,0.0003854232911294829
SZ300927,0.0003853490298838173
SH600715,0.0003851635019065593
SZ300460,0.00038508192617979476
SH605218,0.0003849411040110863
SZ002196,0.0003848670284416734
SZ000544,0.00038463757524472567
SZ300167,0.0003845858010922237
SZ300600,0.0003845266476966854
SZ002841,0.00038442317302887015
SH600801,0.00038410570589026094
SH603578,0.00038407620071822255
SH600575,0.0003840614498319731
SH601825,0.00038395822534508244
SH603196,0.0003837887626650291
SH603678,0.0003837151298875715
SZ002365,0.00038344293410533183
SH688315,0.00038304636776281765
SZ300958,0.000383039031677328
SZ300214,0.00038289236895508666
SZ300163,0.00038287770885979015
SZ300741,0.00038268722972714393
SH603301,0.0003825262030449085
SZ300692,0.0003825188868700392
SH603993,0.0003825042553598409
SZ000886,0.0003819928567335791
SZ002040,0.0003818397036923899
SH603889,0.0003815410442778381
SH603066,0.0003813446211341189
SH600956,0.0003810176982720847
SZ000751,0.00038087983241287375
SZ300983,0.0003808653260207191
SZ002135,0.00038079281063173526
SZ300303,0.00038048854729472636
SZ002798,0.00038038723420442006
SZ002616,0.00038014141260548924
SH688029,0.00038005472788081487
SZ002570,0.00037969396666286977
SH603103,0.0003795642602292568
SH601177,0.0003795210444419143
SZ002351,0.0003794706384593492
SH605368,0.0003793770628627793
SZ300127,0.00037918286093468573
SZ301036,0.0003790391357907704
SZ002714,0.0003783650844700051
SH688058,0.0003783292978208233
SZ002375,0.00037831498505655806
SZ000401,0.0003782291312076856
SZ300021,0.0003781862188941835
SZ300088,0.0003781504660704494
SZ300933,0.00037803610244778376
SZ300535,0.000377814719661478
SZ000421,0.00037775763070414017
SZ002538,0.00037775763070414017
SZ002298,0.00037775049579752575
SH603912,0.00037774336116042757
SZ300069,0.0003776149837625557
SZ300006,0.0003775437006833541
SZ300798,0.0003774297037176826
SZ002013,0.00037715923662970505
SH603658,0.0003771307889576105
SZ300296,0.0003771094560196097
SZ000778,0.0003768607499528924
SZ002753,0.00037666202116840556
SH603387,0.0003766194636938837
SZ300932,0.000376236878738854
SZ300160,0.0003761024503074637
SZ300053,0.0003759115855950681
SH603267,0.00037589745517422853
SZ300197,0.0003757491498675484
SZ300492,0.00037556569582934294
SH603722,0.00037554453958239445
SH603227,0.0003755304367418979
SH600901,0.0003753612852370406
SZ300818,0.000375290850409067
SH688318,0.000375234521575985
SZ300183,0.00037519932464121565
SZ002064,0.00037496016048294874
SH600183,0.0003747283219665742
SZ002110,0.00037444067923539213
SZ300281,0.00037409049249013336
SZ300116,0.0003739226354067343
SH603758,0.000373538530499421
SH688158,0.0003734339115335064
SZ300080,0.0003734060230391516
SH600791,0.0003731900283624421
SH601399,0.0003727448933949605
SZ000055,0.0003725296626743904
SZ300191,0.00037249497131788725
SH600610,0.00037228002903784223
SZ300222,0.00037216918811291613
SH688276,0.00037214148819381126
SZ002961,0.00037203765021020125
SZ300819,0.0003718854592785422
SH600674,0.0003718785444673769
SZ300050,0.0003718785444673769
SZ000789,0.0003716919417187035
SZ300868,0.00037162978241076243
SZ300530,0.00037131240369084534
SH600797,0.000370830474848423
SZ002557,0.0003708167238342449
SZ300626,0.0003708098487095817
SH688156,0.00037065179117478085
SH600458,0.0003703909476452395
SH600939,0.000370116771841516
SH603345,0.0003700414446417999
SZ000998,0.00036993877513271555
SZ300945,0.00036973360693620254
SH688161,0.000369610615216869
SZ002030,0.0003693171326217823
SH600973,0.0003691739732348869
SZ300691,0.0003691671588895452
SZ300347,0.0003690241157259627
SZ002091,0.00036898326660885926
SH600505,0.000368758758020503
SH600084,0.00036840554081933396
SH688135,0.00036836482852617235
SH603861,0.0003683173422220585
SZ000888,0.00036826986815938716
SH603959,0.0003681681792242697
SH605376,0.0003679378920838162
SZ300466,0.0003678431516801236
SH688689,0.0003677890362088306
SZ002936,0.00036762678528757603
SH688010,0.00036745117492513186
SZ001965,0.0003673904258055035
SH688229,0.0003673769287288758
SZ002863,0.00036737018056244374
SH600889,0.00036723526927526115
SZ002427,0.0003668580442797659
SZ300111,0.0003666764447051922
SZ000930,0.0003665756337176268
SH600547,0.00036652860755781994
SH600789,0.00036609251157767567
SZ000426,0.0003657978966620942
SH601168,0.000365724317009838
SH603317,0.00036558392893048424
SZ300841,0.00036497682397167776
SZ002975,0.0003649368659221955
SZ000031,0.00036467735171307185
SH600958,0.0003644514095158263
SZ002191,0.0003642456472645152
SZ000597,0.0003642390136407511
SH603696,0.00036401361410916765
SH688092,0.0003638811564143151
SH600053,0.00036383481899217757
SZ300836,0.0003638282003238071
SZ300995,0.00036380172805820825
SZ002688,0.00036364297532682415
SZ002600,0.00036361653000745414
SH600220,0.0003635504335338919
SH688314,0.0003633720930232558
SZ000993,0.00036305547487656113
SZ000713,0.00036290395746765624
SZ002713,0.0003628842036506151
SH688127,0.00036277888626881915
SH600590,0.0003627723059621628
SH600195,0.0003625487174839119
SZ000795,0.00036243702656663405
SZ000601,0.0003622532149972831
SH601908,0.00036218105430904906
SZ000553,0.00036215482118605704
SZ000035,0.0003621351488375462
SZ300252,0.00036208269968860887
SZ002726,0.00036199095022624434
SZ003816,0.00036184686640613697
SZ002701,0.00036176177986795694
SZ002252,0.0003617356074445188
SH600200,0.00036172252265287294
SZ002488,0.00036167019295104796
SH600900,0.00036164403377755274
SH603328,0.0003614283648980772
SZ300322,0.0003613043085538795
SZ300100,0.0003610303807065365
SH600620,0.0003610238636773891
SH688339,0.00036097825106037363
SZ002842,0.00036075686790887286
SH601111,0.0003604253018561903
SZ002443,0.00036036036036036037
SZ300886,0.00036021757141313347
SH600230,0.00036015919036214004
SZ300070,0.0003601527047468126
SH603566,0.00036013324930224183
SZ002210,0.00036004896665946565
SZ300464,0.0003597639948193985
SH603333,0.0003596798849024368
SH600820,0.0003596669484057762
SH603589,0.0003595440980836299
SH600993,0.00035949885859112396
SH688198,0.00035948593511278873
SH600111,0.0003590535348820509
SZ002830,0.00035881519223523924
SZ300611,0.000358461483313618
SH600004,0.0003583972475091391
SZ002258,0.00035830735605001975
SZ301028,0.0003581918475535497
SZ001212,0.000358018724379285
SZ002939,0.00035799309073334887
SH688585,0.0003578329635726043
SZ002034,0.0003577945543668825
SZ000669,0.00035769217011839615
SZ300938,0.0003576346047243532
SZ300015,0.0003576346047243531
SZ000561,0.0003572959839931399
SZ300457,0.00035698986148793377
SZ000897,0.000356970746247345
SZ002967,0.00035687520074230043
SZ002312,0.0003567669776485488
SH688312,0.00035672243427389144
SZ002705,0.0003566779020205803
SZ000158,0.0003565570847892748
SZ300340,0.00035627126494112613
SZ002437,0.0003562078116373092
SZ300668,0.0003559605595699996
SZ002084,0.0003558212354113294
SZ000959,0.0003557136505113384
SZ000900,0.00035568202027387515
SH603755,0.00035566936975387674
SH600121,0.00035561877667140827
SZ002963,0.00035544181417501957
SH600804,0.00035539128580567203
SH603500,0.0003551514721028518
SH603683,0.00035513255322549143
SZ002002,0.0003551262473809439
SZ000923,0.00035459735470373395
SH688333,0.0003545030753141784
SH605018,0.00035427073369468943
SH600106,0.00035423308537017357
SZ002802,0.0003540261625334113
SH688622,0.00035393218659304874
SZ002977,0.0003538507811255993
SZ002942,0.00035382574082264487
SZ300991,0.0003536130412489613
SZ000776,0.00035356928190078844
SH600172,0.00035356928190078844
SH600744,0.0003535567812190637
SZ300003,0.0003534817956875221
SH605300,0.00035324455120279766
SH603225,0.00035320712065555236
SZ300295,0.00035301385579383993
SZ300383,0.00035275857203330045
SZ002008,0.0003527461286112385
SH600500,0.00035254715318173806
SZ000430,0.0003524229074889868
SZ002094,0.0003522863383357993
SZ002267,0.0003522118906734291
SH605080,0.00035216227637695446
SZ300778,0.0003519329919583312
SZ300357,0.00035153709595205036
SH605319,0.00035137651750733503
SZ002318,0.00035129011293977134
SZ300828,0.0003512654337249943
SH603357,0.0003511051033126767
SH600036,0.0003509141313120679
SH600063,0.0003508587267336807
SZ300045,0.00035066187428771806
SZ002801,0.00035044067915403616
SZ000982,0.00035014618603266867
SH601728,0.0003500236265947952
SH600768,0.0003499930001399972
SZ301020,0.00034998687549216904
SH688579,0.0003499440089585666
SZ002577,0.0003499195185107425
SH600523,0.0003498766684743628
SH600703,0.00034985830738550885
SH601028,0.0003498215909885958
SH603629,0.0003498154723383416
SZ300232,0.00034979711767175043
SH603768,0.00034974818130945723
SH601985,0.00034965034965034965
SZ002783,0.0003494914898822214
SZ300493,0.0003494182186659213
SH600148,0.00034922297887200976
SH688011,0.0003491437250144022
SZ002494,0.00034877840364124657
SH605198,0.00034877840364124657
SZ300653,0.0003486264119369683
SH688195,0.0003485778025655326
SZ002328,0.0003485535029627048
SZ002053,0.00034853528048376693
SH603901,0.00034845633842079586
SH603329,0.0003484502674355803
SZ000723,0.00034837136387388956
SH603290,0.0003482924960381729
SZ300549,0.00034822578960197795
SH603260,0.00034817123061121457
SH601696,0.0003480682213713888
SZ300308,0.00034798343598844696
SH688389,0.0003479289529078162
SZ000726,0.00034773537338085716
SH688685,0.00034740919592141605
SH601777,0.0003473307630856865
SZ002506,0.00034732473125748917
SZ300405,0.00034719811124227484
SZ000728,0.00034655438304655953
SZ300407,0.00034648834066733656
SH601088,0.0003463323405139572
SZ000531,0.00034612256199920393
SZ300251,0.0003460806367883717
SZ300164,0.00034597886069161177
SZ002527,0.00034597886069161177
SZ300289,0.0003458113599031728
SZ000932,0.0003457276703140936
SZ002122,0.0003451668018569974
SZ002818,0.0003451668018569974
SH601838,0.00034514297547759155
SZ300669,0.00034505960904746295
SZ300984,0.00034502984508159954
SZ002431,0.0003448870494912916
SH603822,0.0003448811022400027
SZ002171,0.000344797862253254
SZ000627,0.00034474437204812627
SZ000061,0.00034467901766479966
SZ000672,0.00034450683846074345
SZ000757,0.00034448903663640904
SZ300324,0.00034439412463623377
SH603087,0.00034422815442075003
SZ002597,0.00034422222987160513
SH600508,0.00034412746481296677
SH600766,0.00034412746481296677
SZ002575,0.0003440564252537416
SZ002708,0.00034402683409305926
SH600853,0.0003439026067817594
SZ000973,0.000343867129741068
SH601869,0.00034384939396544313
SH688565,0.00034383166001925454
SZ002497,0.00034381983840467596
SZ300521,0.0003437902879243661
SZ002275,0.0003437666511971674
SH603399,0.0003434655675768504
SZ002089,0.00034345377112240694
SZ300027,0.0003434301806442751
SH688028,0.0003432945982594964
SH600082,0.00034325924654595385
SZ000782,0.0003432239021125431
SZ000937,0.00034301787123109116
SH605287,0.00034294728900168046
SH603223,0.0003429355281207132
SH688186,0.00034280621164855504
SH688330,0.0003427004797806717
SZ002331,0.00034260655063724817
SZ300190,0.00034236609206224214
SH600389,0.0003422196365627459
SH601069,0.0003422196365627459
SZ002675,0.0003422020703225255
SZ300608,0.0003420148092412401
SH600039,0.0003418978751047062
SH603039,0.00034189787510470617
SH600313,0.00034164090124869746
SH600193,0.00034150672768253537
SZ000676,0.00034133187698399156
SZ002290,0.00034132022663663046
SH600521,0.0003411921252857484
SZ300461,0.0003411455668133592
SZ000592,0.00034100015345006905
SH603168,0.0003406690740614567
SH605255,0.000340651666638279
SZ000036,0.000340605255539093
SZ000603,0.00034055885708447563
SZ000925,0.000340506673930809
SZ002724,0.0003404487114016273
SZ002348,0.0003403212632725293
SZ300017,0.0003401534091875436
SH605116,0.0003398759452799728
SZ300978,0.00033986439410675135
SZ300020,0.00033965660717015105
SZ000666,0.00033958163542515616
SZ300306,0.00033924179458909336
SZ300426,0.00033913824970749324
SZ002748,0.00033910949845705177
SZ002230,0.0003390807520811081
SZ002243,0.0003388566975026261
SZ300498,0.00033882225384563263
SH603088,0.0003388050346428148
SZ000731,0.0003386902846691842
SH601658,0.0003386730788769601
SH601515,0.0003383064379715146
SZ000995,0.00033826638477801266
SZ000550,0.00033816343438783966
SH688626,0.0003380605466439039
SH603895,0.0003380605466439039
SZ002633,0.0003380376912025691
SZ000612,0.0003380319778251022
SH600777,0.0003379006234266502
SH600830,0.0003375413488152298
SH600452,0.00033738191632928474
SH600367,0.0003373591525538088
SZ300184,0.0003373136342170951
SH600917,0.0003372055773802499
SZ300750,0.0003371998920960345
SH688177,0.0003368591255137101
SH688202,0.00033673435027107115
SZ002221,0.00033662099841788134
SH603920,0.0003363492650768558
SZ001207,0.00033631532925270735
SH600503,0.00033624182512062675
SH600563,0.00033617400366429663
SZ300135,0.000336157052574963
SZ002167,0.0003361457527984134
SH600720,0.00033612880455790656
SZ002353,0.0003359594161025348
SH603602,0.00033574510231832
SZ000338,0.0003356549467147772
SH600886,0.0003354185184564039
SH600713,0.000335306050597683
SZ002958,0.0003352779454167505
SZ300095,0.00033513187439257344
SH600060,0.0003350869550648393
SZ300622,0.0003349017900500678
SH603917,0.00033485693237564253
SH688733,0.000334739238133494
SH600642,0.0003347000251025019
SZ000608,0.00033454886086112874
SH603595,0.00033430281148664456
SH603058,0.0003342190137196905
SZ002455,0.00033404038548260484
SZ002280,0.0003339399909836202
SH603186,0.0003338396568128328
SH688289,0.00033333888898148307
SH600570,0.0003332444681418288
SZ300940,0.0003332278111931222
SZ300326,0.0003331667499583542
SH688278,0.0003331334532613765
SZ301023,0.0003331168074085178
SH600898,0.00033288948069241014
SH603697,0.0003326458652118954
SZ002303,0.0003326126725428239
SZ000422,0.0003325573661456601
SH600617,0.0003324412825584681
SH603217,0.00033239155725444574
SH600657,0.00033235289230104523
SZ002985,0.00033177399555422846
SZ002356,0.0003317134659081485
SH601968,0.00033168045904575534
SH600340,0.0003313836926084867
SZ000692,0.0003313342831582784
SZ300650,0.0003313287941288538
SZ000554,0.0003313068398297083
SH600771,0.000330758926356525
SH688518,0.0003305511941161887
SH603339,0.00033049657109807487
SH600651,0.00033043650662525193
SH603615,0.00033041467041136624
SH688379,0.00033006568307093114
SH603128,0.0003300438958381465
SH600794,0.00032999488507928125
SH600328,0.0003299567756623882
SH688571,0.0003298479400996141
SZ300244,0.00032981530343007914
SH601106,0.00032979898751710836
SH603519,0.000329733740004946
SZ002073,0.0003295924589245398
SH603693,0.00032958702745459936
SZ000738,0.00032953272259935405
SH600984,0.00032942416655685856
SZ002038,0.0003292939936775553
SZ300538,0.0003290393695605679
SZ300168,0.00032888245740972177
SH688070,0.0003288500115097504
SH601007,0.0003288067602669911
SH603095,0.00032866087127996976
SZ002387,0.000328655470470306
SH601998,0.0003285313008196856
SZ002415,0.00032850971567484105
SH600330,0.00032847194849559846
SZ301067,0.00032845576521981905
SZ000005,0.0003283533081595797
SH600322,0.0003282455276546857
SZ300343,0.0003281808933083916
SZ000906,0.0003280247986747798
SH600573,0.0003280140390008692
SH688678,0.00032683476868269244
SZ000691,0.0003267279826180713
SH603713,0.00032661059851392176
SZ300139,0.00032644533672836483
SZ300074,0.00032644000848744024
SH601799,0.0003262855651265988
SZ300455,0.00032625895172998806
SZ300144,0.0003261206320217849
SH688022,0.0003260302556077204
SH600750,0.0003260089978483406
SZ000809,0.00032582841875468377
SZ002342,0.0003256427373528502
SH688097,0.000325526131610215
SH688155,0.00032538313864575536
SZ000655,0.0003253460868999398
SH605333,0.00032533021016331576
SZ002170,0.00032529846133827787
SH603169,0.0003252878797735997
SZ000623,0.0003252561392096276
SH600176,0.0003252349822746934
SH603081,0.00032517681489309814
SH600821,0.00032504997643387673
SZ002683,0.00032501300052002085
SH600586,0.0003250024375182814
SH600487,0.000324986594302985
SH600731,0.00032495491250588977
SZ002377,0.00032493379473932184
SH601225,0.0003248968452516326
SH600010,0.00032489156743936714
SH600641,0.0003247069519758418
SZ300108,0.0003246331645240878
SZ002400,0.0003245646776261339
SZ000893,0.00032438569459086855
SZ300016,0.0003243436096200314
SZ300851,0.00032432257122934474
SZ002645,0.00032418588818828713
SZ000505,0.00032418588818828713
SH601616,0.00032413334845955624
SZ000797,0.0003241018327958645
SZ300107,0.00032405457078972104
SH601727,0.00032362983219793196
SH603315,0.000323399576346555
SZ002165,0.00032329502287312286
SZ000529,0.0003232218756565444
SH603978,0.0003227263925643839
SZ002128,0.0003226378873671135
SH600438,0.0003225442288773848
SZ000889,0.00032245582355217337
SZ002438,0.00032235707493190205
SZ300517,0.0003222687721559781
SZ000543,0.0003222428099573028
SH605050,0.0003220715643015878
SH605208,0.00032205081961933594
SZ002594,0.0003220041538535847
SZ000099,0.0003218901388955949
SH688529,0.0003218901388955949
SH600267,0.00032177102773666257
SZ300358,0.00032165717777992217
SZ000571,0.00032164165902767727
SH600787,0.00032152790058357316
SZ002269,0.0003213780691605605
SH600499,0.0003213625773278702
SZ300727,0.0003212696576871798
SH600582,0.0003212128999100604
SH600822,0.0003212128999100604
SZ301079,0.0003211252227806233
SZ002009,0.0003211200667929739
SZ300949,0.00032110459982339246
SZ300788,0.00032082644893245
SH605388,0.00032071840923669016
SZ300504,0.00032065670493170014
SZ002132,0.00032054364201686064
SZ002676,0.0003204255250973292
SZ002752,0.0003202510768442459
SZ000628,0.0003201690492580082
SH600399,0.0003198209002958343
SZ301086,0.00031971353667114265
SZ002026,0.0003193459794341189
SZ002262,0.0003188318002837603
SZ002114,0.0003187962254526907
SH688256,0.00031863369869997453
SZ300441,0.00031859309290174586
SZ002422,0.000318263554049108
SZ002674,0.0003180459258316901
SH688488,0.0003180105261484155
SZ002810,0.00031783869686134286
SZ000566,0.0003177982934231643
SH600525,0.00031762164909160206
SZ002120,0.0003174653565929618
SH688128,0.0003173847496627787
SZ300821,0.00031720856463124506
SH688215,0.0003171532325843231
SZ000839,0.0003170727840575804
SH600112,0.0003169923763333492
SZ300012,0.0003169371196754564
SH600825,0.0003167413648385411
SH688133,0.0003164957589568299
SH688611,0.00031610058320557605
SZ003000,0.0003160606204269979
SZ300297,0.0003160256612836962
SZ300618,0.00031599570245844657
SZ002157,0.0003158809128958383
SZ002407,0.000315850981506925
SZ300673,0.00031573131265293233
SH603612,0.00031564162050407967
SZ002799,0.000315387769262308
SH605168,0.0003153827958684854
SZ002691,0.0003152386356471849
SZ300765,0.0003152286984207042
SZ002891,0.00031510950055144165
SH688027,0.00031500527633837865
SH603885,0.00031493087267344815
SH603730,0.0003148168552944325
SZ300317,0.00031439620209387873
SH601949,0.0003143171460003143
SH601137,0.000314243067012334
SZ002190,0.0003141542183057663
SZ000504,0.00031403090064062303
SZ300221,0.0003140210394096404
SZ000507,0.00031376978710719944
SH600100,0.0003136910456891008
SH603681,0.0003136516897984788
SH600466,0.0003135336813557197
SH603000,0.00031346488409635906
SH603819,0.00031337647482803467
SZ002462,0.00031298904538341156
SH603007,0.00031287642945418713
SH688095,0.0003128225983045015
SH688191,0.00031250488288879513
SZ000635,0.00031248046997062683
SH603118,0.0003123974945720935
SZ002576,0.0003123096862849201
SZ002925,0.0003120952514707489
SH600197,0.0003120903813744461
SZ002888,0.000312017348164558
SZ002526,0.0003116721209287829
SZ300307,0.00031164783794312425
SH601636,0.0003116138481194104
SZ001216,0.00031150707121051647
SZ002821,0.00031150707121051647
SH688157,0.0003113518899059717
SH601519,0.00031126466834749584
SH600803,0.00031115328966815496
SH603590,0.0003111484489249821
SZ002602,0.00031110972840120714
SH600376,0.0003110129692408173
SH601899,0.00031079065141720536
SH600995,0.00031073753554060557
SH688218,0.00031070857089592817
SH688613,0.00031014002822274254
SH603527,0.0003101207920485029
SH688208,0.00030996698851572306
SH600225,0.00030980373933113374
SZ300500,0.0003096310745746443
SH603010,0.000309626281078738
SH603533,0.0003096119014814929
SH688006,0.0003095064918986676
SZ002113,0.00030928153898493796
SZ300335,0.0003092050338579512
SZ002372,0.00030905213709552805
SH600859,0.00030903781077614844
SH603598,0.0003089852923000865
SZ002625,0.0003086896125945362
SZ002273,0.0003084801184563655
SH603489,0.0003082946680437162
SH603355,0.0003082661569999538
SZ002930,0.0003082376512290976
SH600968,0.0003082376512290976
SZ002124,0.00030817115826129837
SH603501,0.0003081616616076794
SZ002185,0.0003081569135003544
SZ002749,0.0003081046939750127
SZ000404,0.00030805249214466146
SH600754,0.00030801928200705365
SZ000739,0.00030792917628945344
SZ002340,0.00030785807742630646
SH600379,0.00030780122197085117
SZ300558,0.0003077017754392443
SZ002881,0.00030757400999615535
SZ300433,0.0003071630421427694
SH688016,0.0003071064430931761
SZ301075,0.00030709701194607373
SZ002083,0.00030706872197997913
SH600218,0.00030703572360644163
SZ300920,0.0003069461923324841
SH601699,0.00030676728633658503
SZ300511,0.0003067343527138322
SH688658,0.00030664029560124493
SH688819,0.0003065791894046232
SH600872,0.0003065462961543767
SH688017,0.00030652280529671407
SH688166,0.00030649931803901733
SZ000911,0.00030633031597972096
SZ002950,0.0003062318174858368
SH688550,0.0003061240108367899
SZ300447,0.00030560479188313676
SH601127,0.00030539013589861045
SH603158,0.00030481299722620174
SH603300,0.0003048083517488379
SH600758,0.0003045345189877272
SH688129,0.0003043537808348424
SH603486,0.000304154753938804
SZ002456,0.0003039144176999757
SH600869,0.00030388671103412644
SZ002806,0.0003038497766704141
SZ002393,0.00030384516050620605
SH600710,0.00030376670716889426
SH600373,0.000303711352730365
SZ002512,0.0003035546246547066
SH603327,0.0003034993474764029
SZ000966,0.00030349013657056146
SH603319,0.00030348553132729394
SH688216,0.0003034210725934916
SZ002225,0.0003031175641472545
SZ002409,0.00030309000257626505
SZ300683,0.00030284217380112356
SZ002982,0.0003022837537596542
SH603809,0.0003021924059048396
SZ300635,0.0003020874241005347
SH603421,0.00030208286132886247
SH600879,0.00030190046341721136
SH600378,0.0003016773259321829
SH600577,0.0003016682252858307
SH688589,0.00030165912518853697
SH688266,0.00030148632759504355
SZ000786,0.0003014817829632644
SH600348,0.000301263801647913
SZ000810,0.00030123203903967223
SH605086,0.00030120481927710846
SH603963,0.0003011413256241154
SH600785,0.00030105066682722703
SZ000547,0.00030104613532023783
SH603606,0.00030101894914284853
SZ300880,0.0003009691205682297
SH605128,0.0003009374200634978
SH605009,0.00030083330826389095
SH600406,0.0003006840562279185
SZ000915,0.00030043111865527027
SH600110,0.0003001741009785676
SZ002545,0.000300048007681229
SH601898,0.0003000345039679563
SZ000557,0.00030003000300030005
SZ002483,0.00030000750018750467
SH600683,0.0002998500749625187
SZ300284,0.00029976917773314544
SZ300218,0.00029968383355559886
SZ002145,0.00029954469206805657
SH605365,0.000299186213499282
SH688005,0.00029918621349928195
SZ000710,0.0002990385909301595
SH600481,0.00029891791713995334
SH600248,0.0002988375220392672
SH603019,0.0002987259338919508
SZ300477,0.0002986545612017859
SZ000818,0.00029858768027231196
SZ000796,0.0002984807330686804
SH600386,0.00029838721709161975
SZ002591,0.0002983738624496494
SH600048,0.0002983649600190953
SZ300187,0.00029820925343313403
SZ300328,0.000298049267543925
SZ300385,0.00029801817910892565
SH603348,0.0002979737783075089
SH600606,0.00029752164469965187
SH603687,0.0002974198825191464
SH603600,0.00029739334731082064
SZ300032,0.00029735355337496286
SH688561,0.0002972916728602432
SZ300633,0.00029724748825872425
SH600513,0.0002972121500326933
SZ300597,0.00029715474333259046
SZ002172,0.00029703117342165064
SZ002059,0.00029669628684597015
SH603326,0.000296340198547933
SZ002694,0.00029631824579598486
SH603297,0.00029610328082435155
SH688600,0.00029609889703160856
SZ002653,0.0002960331557134399
SZ002870,0.0002959981056121241
SZ300066,0.0002958273551555312
SZ300639,0.0002956349499637847
SZ301000,0.0002955999940880001
SZ000407,0.00029559125641063534
SH600546,0.0002955257402919794
SZ300731,0.00029538606959295804
SH688590,0.0002953729822333151
SZ300278,0.00029529448242259594
SH600114,0.00029515503017960183
SZ300760,0.00029498960161654305
SZ002699,0.00029491565412292085
SZ000524,0.00029491565412292085
SZ002778,0.0002948765204570586
SH601258,0.0002946940339192833
SZ300318,0.00029444673458571346
SZ301019,0.00029442939583087976
SH605136,0.0002943687262665214
SH603757,0.0002943254061690605
SH688510,0.00029413062340985627
SH600807,0.00029410467185271235
SZ002898,0.00029407440082340834
SZ000768,0.0002940657531023937
SH600311,0.00029393177843422543
SZ002382,0.0002938583602703497
SH688668,0.00029374183030534464
SH688580,0.00029332824897701775
SH600345,0.0002932852345548663
SZ002998,0.00029323363389780805
SH600256,0.00029313048703630425
SH603919,0.0002930145335208626
SH605151,0.0002929930707138776
SH603308,0.0002929287011541391
SH600070,0.00029276147259020715
SH600515,0.0002926586575747377
SZ000767,0.0002924746278260361
SH600363,0.00029238911142949036
SH601989,0.00029231218941829873
SH603616,0.0002922224982101372
SH603997,0.0002921968822592663
SH603799,0.00029216273464319626
SH601567,0.00029216273464319626
SH603466,0.0002921456638279846
SZ002410,0.00029212432811404537
SZ300783,0.0002920859316811006
SH688588,0.0002915706913141091
SZ300569,0.0002913880268659761
SH603358,0.00029130314461744614
SH600738,0.00029125648045669016
SZ000403,0.0002910657371967459
SH603386,0.0002910233837288826
SH600260,0.00029095987663301236
SZ002417,0.0002909217856779205
SH688056,0.00029091332237559823
SZ002648,0.00029086678301337986
SZ003003,0.0002907018997369148
SZ300738,0.0002903010421807414
SZ000525,0.0002901031316633063
SZ002085,0.0002898256698595795
SZ300810,0.000289779477817381
SH603869,0.0002896913338837469
SH603016,0.0002895948567953433
SZ000908,0.00028953197156796035
SZ000700,0.0002894900632535788
SH603897,0.00028946073465134454
SZ000913,0.0002894397892878334
SZ002048,0.0002894356005788712
SZ002027,0.0002891803183875305
SH600814,0.00028890044490668514
SH600699,0.00028889627179361254
SZ002016,0.0002888211763686513
SZ000683,0.0002888044937979235
SZ002374,0.00028880032345636225
SH603517,0.00028860445316671236
SH688578,0.0002884920520439662
SZ300486,0.0002884712466284923
SZ000408,0.000288358949219989
SZ000885,0.0002882675122513693
SH600876,0.000288217661978326
SZ300829,0.0002881387676304908
SZ002797,0.00028810556187787206
SH600011,0.00028805576759660667
SZ002475,0.00028786919223904657
SZ300939,0.0002877615032660931
SH600985,0.00028763321013044167
SZ002141,0.00028743478823241975
SH603956,0.00028736870842133996
SZ002789,0.0002873109135050495
SZ300102,0.0002872201398762081
SZ000702,0.0002870552437816658
SH603880,0.00028676301904106445
SZ000416,0.0002866808095866063
SZ002005,0.00028666437335167987
SZ300856,0.000286368843069874
SH603076,0.00028636064259328196
SZ000606,0.00028635654253110547
SZ300301,0.00028620901844617124
SH688385,0.0002860575547800217
SH600141,0.0002860493721216282
SZ000008,0.0002860125559512062
SH688301,0.0002860125559512062
SH688667,0.00028596348246328945
SZ002169,0.0002856489945155393
SH603759,0.00028557965530535604
SZ300398,0.00028557149996430355
SZ300588,0.0002855633450890244
SH603090,0.00028548589699668833
SH600113,0.0002854370040532055
SZ002957,0.0002852660105548424
SZ002905,0.00028512367239290045
SH603776,0.0002850667768924871
SZ002408,0.0002850383376564148
SZ300350,0.00028497335499130826
SZ002100,0.0002848840521907584
SZ002966,0.0002848799943024001
SZ000630,0.00028483536515893813
SZ002319,0.00028479480534275055
SZ002433,0.00028469750889679714
SH605296,0.0002846569883290635
SH688329,0.0002844424217427787
SH600706,0.0002842685769515038
SZ000019,0.0002842524161455372
SH688012,0.0002842201000454752
SZ000762,0.0002842120221685377
SZ002839,0.0002841676020516901
SH600495,0.00028415548988406454
SZ000978,0.0002839457095803282
SH603188,0.00028382482331904744
SZ000409,0.0002838087129274869
SH603309,0.0002837161136566751
SZ002118,0.00028348287054754713
SH688363,0.00028344269497314377
SZ002872,0.0002833463200396685
SZ300072,0.00028328611898016995
SZ000576,0.00028318183105371957
SZ300137,0.00028302954828484094
SZ002160,0.0002830135280466407
SH688063,0.00028274945570729774
SH600826,0.00028266553600452265
SH688616,0.0002825936444689359
SZ301072,0.0002825138078623593
SZ300283,0.00028230644364457617
SZ002161,0.00028220685762664035
SZ300182,0.0002821909303834975
SH603360,0.00028211132112731683
SZ002631,0.00028202380280895707
SH600828,0.0002819880155093408
SZ301008,0.0002819840397033528
SZ002022,0.0002819562122002453
SH688189,0.0002819005736676674
SZ002058,0.0002818846809770123
SH600470,0.0002818211281299759
SH600182,0.0002818211281299759
SZ002442,0.00028168220613503846
SZ002827,0.00028161477914360946
SH600338,0.00028159098908834917
SH603712,0.00028146813780680026
SH600988,0.0002811871722412024
SZ002183,0.00028118321898549094
SZ300236,0.0002810844237066603
SH688788,0.00028100148930789337
SH600588,0.000280958067008499
SZ002039,0.00028091860383453897
SZ002920,0.00028082788059198517
SZ300528,0.00028072933481184114
SH600673,0.0002806663018004743
SZ300188,0.0002806111711307227
SZ000680,0.000280414452560885
SZ300454,0.00028038693396887705
SH600933,0.00028030048211682924
SH600866,0.00028028084140308587
SH603967,0.0002801866042784494
SZ300835,0.0002801277382486414
SZ002567,0.00028011596801075646
SH605228,0.0002800924305020657
SZ300489,0.00027998656064508903
SZ000667,0.0002799748022677959
SZ000935,0.0002799748022677959
SZ002660,0.00027978680245652817
SH688628,0.0002797515805964303
SZ000001,0.0002797320167279746
SZ002214,0.0002797163676032503
SH688003,0.0002795638803466592
SH603721,0.00027936082243826125
SZ002899,0.00027920872248049034
SZ000718,0.0002791892344631191
SH603218,0.0002791113095902646
SH600129,0.00027906457554278057
SZ300123,0.00027885057791782273
SH600355,0.00027876118529255987
SZ300887,0.00027843131795464356
SZ002489,0.0002783886862837894
SZ300771,0.00027831895352073476
SH688636,0.00027830346209506846
SZ002316,0.00027818346199318453
SZ001896,0.0002781795927450762
SZ002285,0.00027816798564653196
SH600749,0.0002779244601317362
SH600684,0.0002778858444950814
SZ002956,0.00027787426189649186
SH688117,0.0002778240817914096
SH603881,0.00027762739627146406
SZ300873,0.00027762739627146406
SZ002788,0.00027754263748768404
SZ000596,0.0002770390070921986
SH603330,0.0002770159838222666
SZ002739,0.0002769277633929189
SZ002151,0.0002768434311974863
SH688187,0.0002768319353320599
SH603136,0.00027672468660929243
SZ000572,0.00027671702916597487
SH601600,0.0002764989700413366
SZ002751,0.00027643400138217003
SZ002218,0.00027639197910476636
SZ300689,0.0002763385146804836
SZ000011,0.00027622401767833714
SZ000719,0.0002760562602658422
SZ300531,0.0002758658740120553
SH600864,0.0002758620689655172
SZ300239,0.00027576317458566585
SZ300928,0.0002757631745856658
SZ300121,0.0002757555702625193
SH688101,0.0002757479663587481
SZ300805,0.0002756909504445517
SZ300257,0.0002755807865075647
SH688098,0.0002755807865075647
SZ300743,0.00027550106756663685
SH688196,0.0002754593284301573
SH688116,0.0002753645137751098
SZ300470,0.0002753379773672183
SZ300089,0.00027526976436908167
SZ300138,0.0002751561511157582
SH605111,0.0002751183008693738
SZ002792,0.0002751031636863824
SH603983,0.0002750085940185631
SZ002222,0.00027497834545529544
SH603027,0.0002749783454552954
SZ002287,0.00027483475560319357
SH603069,0.0002748272023964932
SZ301005,0.00027466490881125025
SZ002445,0.0002746121103940684
SZ300444,0.00027460079908832536
SZ300029,0.0002745668707613739
SZ000639,0.0002745028067911995
SZ000732,0.000274483970136144
SH688607,0.0002744124144176282
SZ300773,0.0002743935901657337
SH601666,0.00027434842249657066
SZ002628,0.0002742618926813214
SZ000090,0.0002741679004222186
SH688083,0.00027396134405435394
SH600666,0.0002738788086271825
SZ300627,0.00027377383543454755
SH600237,0.000273728871552727
SZ002554,0.0002735903258460781
SH688383,0.00027342575123725154
SZ300980,0.0002730300879156883
SZ002297,0.00027301145283044624
SH603258,0.00027298909408569124
SH688680,0.0002729592881221766
SZ300209,0.00027290714334447704
SZ002740,0.0002728252417913705
SZ002532,0.00027280663465735483
SH688086,0.00027279175077745646
SZ300729,0.00027276570789520346
SZ300894,0.00027262070281617185
SZ300442,0.0002723200304998434
SZ300280,0.0002722458924900971
SZ000012,0.0002721903154685756
SH600584,0.0002721680910130096
SZ301013,0.0002721236529879177
SZ002929,0.00027207182696231805
SH600198,0.0002720496218510256
SZ300427,0.00027191277038326106
SZ002959,0.0002719016803523846
SZ002468,0.00027185732927359724
SZ300285,0.00027168376010323984
SZ300453,0.00027165054873410846
SH688258,0.00027158046250152763
SZ300970,0.000271576774754223
SZ002951,0.00027141092971813975
SH600280,0.0002713520113967845
SH601677,0.0002712710404600757
SZ300708,0.00027109454422229753
SZ300964,0.0002709182775015916
SH600419,0.0002708889219975349
SH601929,0.00027066529529583716
SH688233,0.00027065430678665673
SZ300866,0.0002704895861509332
SZ002371,0.00027035795393100465
SH600847,0.00027021914772880806
SZ000799,0.0002701935937098931
SZ300725,0.00026997111309089926
SZ002025,0.0002699055330634278
SZ002813,0.00026966898132542303
SZ002261,0.0002696326255476913
SZ002069,0.0002695890115518891
SZ000877,0.00026954177897574127
SZ300424,0.00026941832583452326
SH688309,0.0002692841081983547
SZ002076,0.00026917900403768504
SZ002540,0.00026911742939031446
SH688609,0.00026908122216691107
SZ002988,0.0002690703618996368
SZ002256,0.00026900160055952333
SZ300540,0.0002688352711875798
SZ000811,0.00026873773884066536
SZ000753,0.0002687124642276532
SH600893,0.00026861502095197165
SH603068,0.00026847439425464796
SH688388,0.0002683411152256749
SH688007,0.000268294318867798
SH688228,0.0002681108906643788
SZ002482,0.00026804621116680515
SZ300009,0.00026804621116680515
SZ300406,0.00026804261877638546
SZ000417,0.00026793130241406103
SH688399,0.00026793130241406103
SZ002520,0.00026767670008164137
SZ000677,0.00026761581074209864
SZ002731,0.0002675513698630137
SZ000803,0.00026746192010912445
SH688718,0.0002673082063619353
SH603335,0.0002672403426021192
SH601919,0.00026702982723170177
SZ300752,0.00026679116921229907
SH605003,0.0002667093401610924
SZ002859,0.00026669511414550886
SH688269,0.0002665387280771896
SH600560,0.0002665032113636969
SZ000970,0.00026647480480720547
SH688728,0.00026624068157614486
SZ002886,0.000266187529114261
SH603607,0.00026615210592853815
SZ002692,0.0002661308565421618
SH688677,0.00026595744680851064
SH605090,0.0002658337210075098
SZ300389,0.00026578073089701
SH605068,0.0002657101102696958
SH605500,0.0002656571694228598
SZ002003,0.00026544913994478657
SH601808,0.00026535756932466497
SZ300616,0.0002652730986550654
SH600353,0.0002652590254383405
SH603583,0.00026524143601713455
SZ002139,0.00026523791841281627
SH603968,0.00026523440090179694
SH600180,0.00026500245127267425
SH600057,0.00026494979201441326
SZ002945,0.00026492522485528457
SZ002204,0.00026490066225165563
SZ000836,0.0002648199886127405
SZ002823,0.00026466579326954887
SH600760,0.00026466229091679015
SH603383,0.0002645537639386764
SH688778,0.00026453276899675944
SH688106,0.0002644628099173554
SH688555,0.0002642636293966861
SZ300523,0.000264246171733587
SH603676,0.00026419032270847916
SZ002292,0.00026404731727925647
SZ300833,0.0002637756851573422
SZ002715,0.0002637235122697364
SZ300035,0.0002636400785647434
SH600510,0.0002635844854171883
SH603040,0.00026355669763457865
SZ300888,0.0002634803114337281
SH601991,0.0002633831566471324
SZ002049,0.0002633484758706959
SH688111,0.00026330340451302035
SH603726,0.00026326874473462514
SZ301046,0.0002631786720004211
SH600285,0.00026315096971132336
SZ002617,0.0002631371207536247
SH603110,0.00026294338828850147
SZ301002,0.00026291227931800554
SZ300610,0.0002628362661480031
SH688533,0.0002627154266498529
SZ002897,0.00026262573206922815
SH600171,0.0002624603028791895
SZ002406,0.0002623879931254346
SH603086,0.0002623673405134529
SH688038,0.00026228132294699294
SZ002760,0.00026228132294699294
SZ002448,0.0002622503704286482
SZ300036,0.0002622228632114434
SH605077,0.00026217473946385267
SZ000004,0.0002621403761714398
SH688661,0.0002620545073375262
SZ300302,0.00026205107375427473
SH603367,0.00026202017555351765
SZ002337,0.00026196869474097846
SZ300767,0.0002618863675051395
SH688268,0.00026184522328851417
SZ000159,0.0002616739281181719
SZ000733,0.00026166708097287824
SZ002198,0.0002616225832613871
SZ002601,0.00026148576210025367
SZ002362,0.0002613934886881968
SH603689,0.0002613422538155969
SH688356,0.0002613285945748184
SH603985,0.00026125349426548577
SZ002511,0.0002611716158687874
SZ000028,0.00026115115428810193
SZ300557,0.00026100801294599743
SH603155,0.0002609705494734919
SZ002206,0.0002609433100658882
SZ002033,0.00026065424214779094
SH603922,0.0002605999009720376
SH688569,0.0002605523710265763
SZ002449,0.00026049467939617333
SH600072,0.0002603997135603151
SH600287,0.0002603658139686259
SZ300091,0.0002603387006495451
SH688311,0.00026021676056154773
SZ002270,0.00026019983347210656
SZ002481,0.0002601829085847351
SH688103,0.000260061114361875
SZ002364,0.000259888767607464
SZ300408,0.000259888767607464
SH601702,0.0002597368865339411
SH600079,0.0002596424723156214
SH688559,0.00025953128649658716
SH600160,0.0002589868434683518
SZ002756,0.0002589331952356292
SH688519,0.0002588360144430496
SZ300413,0.00025876568766981497
SZ000822,0.000258668632548274
SZ300078,0.0002586519062645492
SZ000021,0.00025863518214382705
SH603665,0.0002586251487094605
SZ300134,0.0002586050841759549
SH688335,0.00025855159397057686
SH600284,0.00025848810308505554
SH601456,0.00025848142164781906
SH605258,0.0002583144979011947
SH600971,0.0002583144979011947
SH600986,0.0002582511233923867
SZ000813,0.0002580944883922004
SZ300563,0.00025806451612903227
SZ000517,0.0002579413699266157
SH603868,0.00025782166475448934
SH600259,0.00025769875016106174
SZ300875,0.000257569318342799
SH605499,0.000257542784295041
SH603214,0.00025752951932115216
SZ300619,0.00025751957148743306
SZ300274,0.0002574499581643818
SZ002366,0.0002574499581643818
SH688033,0.0002573936320815423
SH603233,0.0002571421224510787
SZ000792,0.0002570231577865166
SZ300440,0.00025695051133151753
SH603709,0.0002568911038610733
SZ300896,0.00025678226148137686
SZ300681,0.0002567525932011913
SH601689,0.00025673281815614485
SZ300812,0.0002565747273893522
SH605088,0.0002564858868640753
SZ300316,0.0002564168312008
SH600216,0.0002562558458364831
SZ002809,0.00025624599615631005
SH688516,0.00025623286442719146
SH603324,0.0002561114597072646
SH688599,0.0002561016211232617
SZ300394,0.0002560622743451207
SZ300079,0.0002560458834223093
SZ300647,0.00025603932764072565
SZ000534,0.00025596396027439337
SH603639,0.0002558919112566852
SH603679,0.0002557741003146022
SH688169,0.0002556629339878304
SZ002913,0.00025564005879721353
SZ002390,0.0002556139207341232
SZ301033,0.00025548331055273813
SZ002159,0.0002554115318306622
SZ002491,0.00025537239679763015
SZ000023,0.0002552224902058369
SZ002096,0.00025517039002794114
SZ300676,0.00025512156542592545
SH688707,0.0002549524513678199
SH603139,0.00025493945188017844
SZ002658,0.00025489721269897917
SZ002037,0.000254734884668781
SH601628,0.00025458572537837807
SZ002291,0.00025450473378804846
SZ000026,0.00025441732073119535
SZ300520,0.0002542717656631408
SZ002153,0.0002542394427071416
SH601155,0.00025419097367852464
SZ002649,0.0002540489044140997
SZ002921,0.0002537942236434699
SH600812,0.000253716953366824
SZ300742,0.00025367511827602393
SZ000625,0.00025322225317160873
SZ000977,0.0002530108288634754
SZ300194,0.00025292124032576257
SZ300832,0.0002529148435721693
SZ002902,0.00025275822412071733
SZ002546,0.0002527486414760521
SZ002498,0.00025273905955795935
SH600987,0.00025267200646840335
SZ002892,0.00025254438467560674
SH601279,0.0002524933720489837
SZ300162,0.0002524296352391771
SZ300670,0.000252369115067698
SZ000560,0.0002523595619038005
SZ002793,0.0002522545248155389
SZ002501,0.0002522163511860474
SZ002478,0.0002521495751279659
SZ002355,0.0002521082552848193
SZ000949,0.00025176550560807666
SZ301004,0.0002512720648281927
SH603305,0.0002512625945375512
SZ300110,0.0002512531249607417
SZ300411,0.00025120578778135047
SZ300972,0.00025113639217459
SH603197,0.00025113008538422905
SZ002623,0.00025110486139011656
SH688300,0.0002510764904528164
SZ300485,0.0002510701866706838
SZ003028,0.0002509063993677159
SH601199,0.00025048531529839064
SZ000510,0.0002502283333541857
SZ300943,0.00025017825200455323
SZ002308,0.0002501125506477915
SZ002216,0.00025010942287250675
SZ002056,0.0002500468837907108
SH603089,0.000249978126913895
SZ002444,0.0002499218994064355
SH600354,0.00024989691752152235
SZ000695,0.00024984072653683274
SZ300300,0.00024984072653683274
SH600422,0.00024983448465391676
SZ002558,0.0002498157608763537
SZ000887,0.00024975024975024975
SZ002996,0.0002497315385960093
SZ300459,0.00024964425693386924
SZ300124,0.0002495601502352104
SH603690,0.00024953524061435575
SZ300208,0.0002495165616617803
SH600795,0.00024948232417733204
SH600686,0.00024941076706281413
SZ000807,0.00024933925098489
SZ002129,0.0002492273950752667
SZ300715,0.00024921497283556795
SH605288,0.0002491621921289663
SH603982,0.00024907530791934944
SH600816,0.00024896988709215617
SH600325,0.0002489017211554018
SZ300159,0.0002489017211554018
SZ000960,0.00024888003982080636
SZ300642,0.00024883978450474664
SZ000983,0.00024860779634049325
SH688122,0.00024845337772367015
SH600882,0.00024843794641193494
SZ002001,0.0002483947489350075
SZ300713,0.000248391663975757
SZ300630,0.00024837624032885016
SZ001979,0.00024837624032885016
SH688179,0.0002482529200749724
SZ300596,0.00024822827071775206
SZ002707,0.0002481635894381576
SH601579,0.00024792363951902817
SZ300059,0.00024786526044442243
SZ002662,0.0002477086945751796
SH688316,0.00024762282091917587
SZ000509,0.00024755232637298707
SZ002773,0.0002475155625409947
SZ002865,0.00024750637328911217
SZ002314,0.00024744819053510673
SZ300853,0.0002473533194815474
SH600246,0.00024731661473017754
SZ002812,0.00024728297827619034
SZ300363,0.0002472004548488369
SH603866,0.0002470203174211079
SH600161,0.00024679170779861795
SH600153,0.0002467825722147502
SZ300953,0.00024673386052134863
SZ002006,0.00024669429642786657
SZ300697,0.00024668212541319255
SZ300889,0.00024660608377208667
SZ300332,0.00024659088106921805
SH603477,0.0002464845146103696
SH688093,0.0002464116306289657
SZ002326,0.00024616293524683984
SZ300062,0.00024611749649282565
SH603366,0.0002459964084524366
SH601958,0.0002459873316524199
SH601766,0.0002459238128027937
SZ300506,0.00024588148512417015
SZ300299,0.0002455946460367164
SH603177,0.00024546202088881797
SZ301027,0.0002454258752500276
SH603806,0.000245371676747353
SZ300877,0.0002452874155291463
SH601615,0.0002451791646745859
SZ000918,0.0002450589979537574
SZ000633,0.0002450229709035222
SZ002698,0.0002448969596042465
SH688625,0.00024484898938579626
SZ002484,0.00024464233290928667
SZ300046,0.0002445555813697558
SH603937,0.0002445555813697558
SH603129,0.00024451372333272203
SZ300331,0.00024437927663734115
SZ000729,0.0002443613615815067
SH600405,0.0002442390122974343
SH600726,0.0002442121715346293
SH601886,0.0002442002442002442
SZ002882,0.000244143605268619
SZ000540,0.00024411678547016895
SZ002561,0.0002440065881778808
SZ300250,0.00024385783088459427
SZ002595,0.00024372410431391665
SH603833,0.00024369440721335446
SZ000968,0.0002434541271560906
SH688303,0.00024332972394242822
SZ300609,0.00024332084286339967
SH600366,0.00024332084286339967
SZ000042,0.0002432912439481303
SH688288,0.00024316700710047662
SZ300014,0.00024303403691687024
SZ000926,0.0002429779376032656
SZ300561,0.0002429100625493411
SZ300979,0.0002428038994306249
SZ002678,0.0002427980042004055
SH603032,0.00024279210925644916
SZ002209,0.00024275969218071032
SH600664,0.00024265071642624026
SZ300352,0.00024263305390093294
SZ002549,0.0002423331838945366
SH688793,0.0002423155675636381
SH600038,0.00024226860320036828
SZ000989,0.00024218352667651545
SZ300855,0.00024209557933472131
SH605369,0.00024209557933472131
SZ002259,0.00024207799753080445
SZ002590,0.00024206334797816586
SZ002911,0.00024204870019847995
SH603660,0.00024187891541494326
SH603916,0.00024186428994691077
SH600732,0.0002418613650655444
SZ300042,0.00024179411231336516
SZ300858,0.00024161592732192905
SZ000002,0.00024158090544523363
SH603633,0.00024147881627084266
SZ300982,0.00024144674891952582
SZ300682,0.00024134477307557713
SZ002098,0.00024131856463717756
SH605186,0.0002412952730256014
SZ002180,0.00024122251570961632
SZ002459,0.00024118469924268006
SH600416,0.0002411672494875196
SZ002659,0.00024105679298042621
SZ300271,0.0002409058058299205
SZ300323,0.00024085068461807103
SZ002851,0.0002408419835745767
SZ001209,0.00024081588421572285
SZ000096,0.0002406883687345809
SZ002173,0.00024061018743533599
SZ000801,0.00024057256269922414
SH688597,0.0002403412846241663
SH601668,0.000240300856672554
SZ000631,0.0002402806477966265
SH603050,0.00024023446884158936
SZ002212,0.0002401594658853479
SZ001914,0.00024015946588534784
SZ300651,0.00024012774796191574
SZ300128,0.00024009027394300255
SH600501,0.00023995776743293183
SH600698,0.00023994337336388614
SZ002192,0.00023988869164707574
SZ002679,0.00023986279847926985
SZ002884,0.00023983978702226907
SZ002149,0.00023979952759493065
SZ300290,0.00023977077913514682
SZ000938,0.00023972479593426747
SZ002332,0.00023963575365444525
SH688639,0.00023961565648699483
SZ000617,0.00023952956393642882
SZ002074,0.00023947507064514583
SZ300505,0.00023939767544857142
SZ300508,0.00023937475314478586
SH688696,0.00023933464967390653
SH600383,0.00023913719300762849
SZ002187,0.00023894577125721316
SZ300401,0.00023889439673192468
SZ301065,0.0002388230798624379
SZ000951,0.00023878886288743493
SZ002158,0.00023878316101148548
SZ300365,0.00023875750593909295
SH688239,0.00023871475973359432
SZ300652,0.00023869196801527628
SZ300409,0.00023858661290514986
SZ000682,0.00023857807467493738
SZ300722,0.0002385211687537269
SZ002831,0.0002384785071245454
SH600491,0.00023840743831207532
SH605305,0.00023839891290095718
SZ002219,0.00023838186390779385
SZ002755,0.00023829949480507102
SH688002,0.0002382796211354024
SH601611,0.0002381774660299389
SZ002250,0.00023815477678943545
SZ300562,0.00023807823250720185
SZ300684,0.00023805556216821008
SZ002906,0.00023795643017763448
SZ300432,0.0002377810274518196
SZ000688,0.00023765105695307577
SZ300044,0.0002376087059829872
SZ000878,0.00023759176982109342
SZ002460,0.00023758894736216872
SH688168,0.00023749020352910444
SZ300313,0.00023748174359096143
SZ300319,0.00023714383959590687
SZ300262,0.00023707637415393374
SZ002011,0.00023701456454499126
SH603005,0.00023701175578308686
SZ002088,0.00023698367182501128
SZ000040,0.00023697805583202994
SZ002887,0.00023693594436744025
SH603045,0.0002369247171711189
SZ002240,0.00023692191053828658
SZ002610,0.0002368742079518672
SH601608,0.00023686018143489896
SZ002253,0.00023684896141730417
SH688521,0.00023683774246263884
SH688285,0.00023680689581680617
SH688199,0.000236790073760108
SZ000950,0.000236677987763748
SH603960,0.00023664158265890482
SZ002796,0.00023663598286755485
SH603185,0.00023661918508352653
SH603236,0.00023659679174750387
SH603311,0.0002365744026496333
SZ300740,0.00023655481566465988
SH600861,0.00023634795145413077
SZ002490,0.00023629210429933488
SH603790,0.000236280938035324
SZ300229,0.00023626698168930892
SH600764,0.00023623070290445652
SZ300386,0.00023621954244274626
SZ002453,0.0002361944352591053
SZ003022,0.000236180489129793
SZ000063,0.0002361581787481255
SH600916,0.00023614702513785084
SZ300645,0.00023613587258108313
SH603738,0.00023612472107767323
SH600238,0.00023607176581680832
SZ002492,0.00023607176581680832
SH600528,0.00023605783416937148
SZ002241,0.0002360299758069275
SH603717,0.0002359074770874863
SH603816,0.00023582680879162345
SZ000615,0.0002357156326607581
SZ300351,0.0002356656375933825
SH600475,0.00023565175383817794
SZ002010,0.00023561843949907523
SZ300320,0.00023559901048415596
SZ300430,0.0002355435166647038
SH603063,0.0002354630970461154
SZ300314,0.0002354630970461154
SZ300547,0.0002353494939985879
SZ000656,0.00023526643924244207
SZ300037,0.00023507563558574973
SZ002130,0.00023504248392897014
SH600185,0.00023489341711198543
SH688601,0.0002346894471890071
SH600482,0.00023465365121081282
SZ000411,0.0002346343809758444
SZ002682,0.0002346288757757417
SZ000657,0.00023445834261397603
SH603203,0.00023436767601012467
SH688425,0.00023428531265374972
SH600213,0.00023421672073169303
SH603876,0.00023420849239993438
SH600316,0.00023394275420804528
SH603277,0.00023390171449956727
SH603505,0.0002338470172812946
SH603353,0.00023376775173864766
SH688360,0.0002337650194024966
SZ301080,0.00023375955492180745
SH603798,0.0002336940010749924
SH603208,0.00023367215796237878
SH600250,0.0002335875544550986
SZ300056,0.0002335875544550986
SZ002313,0.00023349755995049853
SH600165,0.00023343760212895091
SZ300844,0.00023342397964542898
SZ300591,0.00023341580691844453
SZ002324,0.00023339401577743545
SZ002564,0.0002332551928437307
SZ300536,0.00023318720268631659
SZ002772,0.0002330622043023283
SZ300207,0.0002330214729287304
SH603179,0.00023289936418473573
SZ002404,0.0002328803809923033
SH600622,0.00023255543540191392
SZ002036,0.00023253921192461076
SH688317,0.00023252028739507524
SZ301021,0.00023249055507120023
SZ000570,0.00023247974520219922
SH601800,0.00023244462006926853
SZ300884,0.00023233121137493612
SZ002182,0.00023233121137493606
SZ002816,0.00023204278869023447
SZ002993,0.0002320320204188178
SH600552,0.00023200779546192748
SZ002508,0.00023199164830066117
SZ002709,0.0002318195516609871
SZ002524,0.00023170943636679605
SH603067,0.00023166649291679698
SZ000100,0.00023166112610473403
SH603871,0.00023161820055819988
SZ002379,0.0002315645659901122
SZ002668,0.0002315565229472514
SZ001205,0.00023154311911735762
SZ002452,0.00023152167621693582
SZ300699,0.00023139310217162428
SZ300450,0.0002313208420078649
SZ300756,0.00023123793227040963
SZ002917,0.00023121921894147843
SZ300578,0.00023120585413222665
SZ002333,0.0002310856403383094
SZ300830,0.00023104025876508982
SZ002919,0.00023097355352812103
SH600615,0.00023094154869402551
SZ300265,0.00023086424028350127
SH603823,0.00023084825190161247
SZ300518,0.000230778994495921
SZ300001,0.00023047316140035494
SZ002850,0.00023043598488339936
SH600996,0.00023042802004723774
SZ000068,0.00023026883886938
SZ300122,0.00023025293284673211
SZ000558,0.00023023172823446797
SZ002203,0.0002301310596384641
SH600761,0.000229914127073538
SH688078,0.00022963958067812566
SZ002146,0.00022943146882026336
SZ000619,0.00022940252113370723
SH688345,0.00022936568918655457
SZ300606,0.0002293078343021589
SH600312,0.00022922373382540026
SH600640,0.0002290583411594933
SZ300786,0.0002289639381797367
SZ002162,0.00022886699394646798
SZ000812,0.0002287910679967054
SZ002647,0.0002287439668778736
SH600101,0.00022873611857680384
SZ002050,0.00022864982279638732
SZ300378,0.00022864720878919875
SH601872,0.00022863936712623175
SH600880,0.00022861584536424222
SH600599,0.0002285923284414575
SH603520,0.0002282479685930795
SZ002251,0.00022824275899847076
SH600027,0.00022816204068129185
SZ300929,0.00022814121941481776
SZ002411,0.00022808918287050236
SH688390,0.00022807877841006286
SZ002609,0.0002280787784100628
SZ002264,0.0002280085731223494
SZ002142,0.00022795659706391903
SH603619,0.00022790983886774392
SZ300305,0.00022773596292458522
SZ000530,0.00022770744147918752
SH600478,0.00022767892717689517
SZ000922,0.0002276141484954705
SZ300712,0.0002275442289094943
SH688557,0.00022748987670048683
SZ002536,0.0002272959734518303
SZ002302,0.0002271849512688279
SZ002832,0.00022705599200762908
SH688776,0.00022685510764274856
SH688369,0.00022672909274353538
SZ300694,0.0002266443044286297
SH603363,0.00022661348803480776
SZ300446,0.000226490306214894
SH600502,0.0002264467114276333
SZ300590,0.0002264262020401001
SZ002879,0.00022621619481738697
SZ002336,0.00022617270547790295
SZ002542,0.00022608577694377245
SZ002901,0.0002260397830018083
SZ001215,0.00022597082716621284
SZ300584,0.0002259682740543228
SH603955,0.0002259427461081362
SH600078,0.0002259197758875823
SZ300073,0.00022590191338920642
SZ000790,0.00022589170751541714
SZ301063,0.0002256037720950694
SZ300776,0.00022560122727067634
SH688408,0.00022556306179300075
SZ002300,0.0002255554302469832
SZ002861,0.0002254918541067704
SZ002138,0.0002254562671205853
SH600778,0.000225331801077086
SH605259,0.00022524044417415588
SH603008,0.00022519479349637433
SZ300114,0.00022517451024544022
SH600381,0.00022514155775443809
SZ002738,0.00022495669583605154
SZ300273,0.00022474940441407832
SZ300330,0.0002247292013124185
SH688108,0.0002246963790178521
SH605123,0.00022463580919434369
SZ002384,0.0002245777937477542
SH603078,0.00022437875133224884
SZ000933,0.00022434854790402367
SH605358,0.0002241800614253368
SH603056,0.00022414739932979927
SZ300041,0.00022412981598942107
SZ002425,0.0002241172581494638
SZ300288,0.00022405951020591067
SZ300703,0.00022404194065128992
SZ301031,0.00022398172309139576
SZ002503,0.00022387892627666954
SZ000758,0.00022376120204517738
SZ300129,0.00022369863320135112
SH600605,0.00022360109564536866
SH605399,0.0002235960960121636
SZ300397,0.00022358859698155394
SZ003018,0.0002235236264473155
SH600196,0.00022348366334420952
SZ300294,0.00022343372955581378
SH603688,0.00022341126663017616
SH600272,0.00022334141084769232
SH603099,0.00022323670904443525
SZ002211,0.0002232093033637642
SZ002152,0.0002232018302550081
SH603359,0.00022319684846049972
SH600388,0.000223159492088996
SZ300377,0.00022312712668042618
SZ300348,0.00022310970304098525
SZ300087,0.00022306739981485407
SZ300787,0.00022294058633374206
SH688617,0.0002228809592796487
SH601186,0.00022284370856499796
SZ300483,0.00022278661498017198
SH603083,0.00022278165170316574
SH600773,0.00022274443417345105
SH600579,0.00022264524819379044
SZ300657,0.00022260807622100526
SH600583,0.0002225114871555244
SZ300601,0.00022246693585165905
SH603105,0.0002223605799163924
SZ002626,0.00022218025484075228
SH603306,0.00022211363333481406
SZ300055,0.00022207417277370642
SZ300370,0.00022184754636613718
SZ300141,0.00022184508557674174
SH603229,0.00022178112420851858
SH601789,0.00022158455112509558
SZ300390,0.00022158455112509558
SZ000727,0.0002215600039880801
SH601566,0.00022138587558113792
SH605133,0.0002213687228131537
SZ002586,0.0002212829988272001
SZ002082,0.00022127810231899447
SZ300679,0.0002209505291765174
SZ300471,0.00022088220352086232
SZ002035,0.00022087244616234125
SZ300047,0.00022074567890333546
SH601601,0.00022073836984713867
SZ000856,0.00022057526027880711
SZ002068,0.00022043668507312983
SZ300393,0.00022039053202274432
SZ002928,0.00022034439829453435
SZ002174,0.00022017217464056894
SH603979,0.00022016975087792685
SH601965,0.0002201479394152871
SZ300667,0.0002201115965794658
SH603121,0.00021996150673632113
SZ000759,0.00021993731786440864
SZ300658,0.00021979229628001537
SZ300438,0.0002197705595358446
SZ300585,0.00021972227104939354
SH600243,0.00021962093426745438
SZ300916,0.00021956065912109868
SH603666,0.00021949319022377328
SZ002140,0.00021944020802931721
SZ002061,0.00021942335542195112
SZ000802,0.00021941854086670324
SH603927,0.00021941613366830863
SZ301001,0.00021940169158704212
SH600444,0.0002193776256759573
SH603166,0.00021937521937521939
SZ300996,0.00021936078267927262
SH600212,0.00021931026920335545
SH600906,0.00021930305489155466
SH688687,0.00021929584105437439
SZ000698,0.00021928381904699252
SH605588,0.00021915886826360425
SZ300400,0.0002191420588396428
SZ300759,0.00021909884644457349
SH603508,0.00021904365540052133
SZ002849,0.00021897410631192862
SZ300763,0.00021896931145100012
SZ000034,0.00021894294346893201
SZ002890,0.0002187872622055944
SH688001,0.00021874897461418151
SZ300769,0.00021872983584325819
SZ300801,0.00021872505167379346
SZ000961,0.00021862224262696485
SZ002613,0.00021830009714354326
SZ300203,0.00021825007093127308
SZ300136,0.00021821673285907562
SZ002028,0.00021820244823146914
SZ300171,0.00021811440100332624
SZ002403,0.00021810726515300227
SZ002199,0.00021800503591632965
SH603613,0.0002178625505168789
SZ002284,0.00021784593935169047
SZ002880,0.00021780798048440497
SZ300570,0.00021771788116958045
SZ002012,0.00021761838440111423
SZ002421,0.0002175923407496056
SH601008,0.00021743620965199333
SZ300671,0.00021743148190426495
SZ002543,0.0002172260236776366
SH601390,0.0002172260236776366
SZ300298,0.00021721422753190334
SZ000521,0.0002171576238612797
SZ300373,0.00021702566328468342
SH603599,0.0002169715116405216
SZ002286,0.00021692209243050358
SZ002909,0.00021683977708870917
SH605056,0.00021678101865400663
SH603535,0.00021675987341223394
SZ003001,0.00021664951524670963
SZ300496,0.0002166377816291161
SZ300287,0.0002166002425922717
SH600050,0.0002165674066053059
SH688138,0.000216485360177518
SZ300228,0.00021647130131722785
SZ300775,0.00021644553148200254
SZ300117,0.00021641274238227146
SZ300707,0.00021639635155751272
SZ300761,0.00021638464534556629
SH603031,0.00021637996321540625
SZ002518,0.0002163682587764375
SZ000600,0.0002163682587764375
SZ300685,0.000216314434662225
SH688100,0.0002162676528471636
SZ002852,0.00021618583334234105
SZ002922,0.00021609473593223267
SH603220,0.00021602937999567941
SH600241,0.000216015380295077
SZ300690,0.00021592908888720943
SZ002513,0.00021590344797806419
SZ300019,0.00021583587839806609
SZ000620,0.0002155636990730761
SH603289,0.00021548241124818188
SZ300224,0.00021544527151490342
SZ300345,0.00021532233753929634
SZ000899,0.00021529452290733724
SZ300465,0.0002151439851120362
SZ003012,0.00021513704229594253
SH603569,0.00021512315800795956
SH600421,0.0002150676387723939
SH603667,0.00021502832998247518
SZ300354,0.00021502601814819592
SZ300376,0.0002150052138764365
SH603989,0.00021496130696474635
SZ000755,0.00021481354184567795
SH601369,0.0002148043132706105
SH601038,0.0002146176050821449
SH600435,0.00021448871253150302
SZ300169,0.0002144082332761578
SH603737,0.00021439214467181922
SH603117,0.000214325517596125
SZ300891,0.00021428188782343172
SZ003037,0.00021421303486317142
SZ002973,0.00021420615200068544
SH600131,0.00021418091862195998
SZ000537,0.0002141648641123937
SH603969,0.000214153398079044
SH605303,0.0002140685875754592
SH601126,0.00021402735269567455
SZ300733,0.00021399071280306432
SZ300861,0.00021397239756071467
SH600400,0.00021394493057487002
SH603444,0.00021389916793223673
SH603035,0.00021383513311237036
SH688123,0.00021380313007782434
SH603603,0.00021380084451333583
SZ000498,0.00021372088053002778
SH688598,0.000213536050223679
SZ002299,0.0002133720247938293
SZ002282,0.00021331740563371266
SH600532,0.00021330603016147265
SZ000428,0.00021319234213107064
SZ300820,0.00021315825934965413
SZ002232,0.00021313554354891992
SH600118,0.00021303792074989347
SZ301039,0.00021298120440871093
SZ300034,0.00021296759698011947
SZ002416,0.00021294492179597745
SZ002208,0.0002128814569606914
SZ002578,0.00021281350088849638
SH603628,0.00021277727538698867
SZ002727,0.00021265510531744093
SH601236,0.00021253985122210415
SZ300463,0.000212501460947544
SZ002573,0.00021248114229862098
SZ300935,0.0002123728417609956
SZ300417,0.0002123322575165619
SZ000155,0.00021231422505307856
SZ300872,0.00021208682834752548
SZ300240,0.00021207108622810363
SH688188,0.00021202836939582514
SH600875,0.00021201713098418351
SZ000707,0.00021196544963171003
SZ300973,0.00021195197168321663
SZ301035,0.0002118711399726686
SZ002207,0.00021178364183150496
SZ300179,0.00021166933017240468
SH688200,0.00021165588985427495
SH603596,0.0002114857934418255
SZ301015,0.00021147014041617322
SZ300634,0.00021146566854871114
SH605488,0.00021144107665796235
SZ003039,0.00021126909344432003
SZ300577,0.0002112534724789539
SZ002338,0.00021117540228914137
SZ002923,0.00021115533642323975
SZ300005,0.0002111419612976785
SH603863,0.0002111375032990235
SZ002654,0.00021093708801349996
SH688148,0.00021090372245070126
SZ000609,0.0002108014671782116
SZ300443,0.00021063274075322266
SZ300481,0.00021061943174877315
SH603938,0.0002103912224781982
SZ002276,0.0002103779439763535
SZ300772,0.0002103381185255298
SZ300605,0.0002103270585760858
SZ002927,0.00021018559387939552
SH603867,0.00021018338500341548
SZ002237,0.00021017454996374486
SH600318,0.00021015025743406537
SZ002486,0.00021012376289634594
SZ000017,0.0002101215553197525
SZ300085,0.00021009286104458168
SZ300580,0.00021005314344529167
SH601669,0.0002100354959988238
SZ002766,0.00021001785151737897
SH600685,0.00020994730322689004
SZ002824,0.00020981735399334882
SZ300987,0.00020975573944142047
SZ300268,0.00020969855832241152
SH603279,0.00020967217755039994
SH600469,0.00020964360587002095
SZ300602,0.0002095425685728056
SZ300049,0.00020935831675913326
SH600850,0.0002092728813736672
SH688698,0.00020913939140437102
SZ002534,0.00020910221962006125
SH605598,0.00020906069031839946
SZ000584,0.00020904757922903251
SZ002847,0.00020903883941636355
SH600780,0.00020895584762939588
SH603787,0.0002089012836983883
SZ003017,0.0002088816476584367
SH688663,0.0002086942003881712
SZ002664,0.0002086093060611434
SZ002176,0.00020855927254525737
SZ000921,0.0002085331776285607
SZ301029,0.00020853100334692257
SZ000636,0.00020852230667375645
SZ300814,0.00020851361072594013
SZ300512,0.00020848752723368326
SZ002777,0.00020838542969075602
SZ002469,0.00020833333333333335
SH603036,0.0002083181434687054
SH688113,0.0002082812630175789
SH603786,0.00020823789096664026
SZ301057,0.00020820754127714506
SH601788,0.0002081967042461718
SZ002472,0.00020803428405001147
SZ300101,0.00020801697418509354
SH603377,0.00020786779608169206
SH603893,0.00020786347526944302
SZ300957,0.00020776198786669992
SZ300777,0.00020776198786669992
SZ002519,0.00020773393437685016
SZ300428,0.00020771883178929003
SZ000931,0.0002076368846161832
SZ002156,0.00020762395149904493
SH600976,0.00020758085274214308
SZ301010,0.00020756577240413056
SH603986,0.00020749901437968168
SZ300024,0.00020736562707365628
SH603777,0.00020730114637533946
SH603995,0.00020729470051098143
SH603138,0.00020728180998476478
SZ002047,0.00020717659733156542
SZ000539,0.0002070993662759392
SZ002589,0.00020694721811202055
SZ000777,0.0002068722977306109
SZ002125,0.00020676108756332058
SZ002466,0.00020672689310152358
SZ000616,0.00020671834625322997
SZ300061,0.00020660516719523154
SH688036,0.0002065155661107956
SZ002148,0.00020647505781301617
SZ000503,0.00020646226902033653
SZ002385,0.00020644948181180065
SH600860,0.00020634511220015477
SH603703,0.00020618344140782053
SZ000049,0.00020618131584915772
SZ000546,0.00020601141303228196
SZ300719,0.00020580366330520683
SZ002454,0.00020578460525368098
SH605060,0.00020576131687242798
SH603859,0.0002055413960371619
SH600769,0.00020553294693139313
SZ000711,0.00020542317173377156
SZ000955,0.00020541895195250713
SH600150,0.00020538941833716726
SZ002952,0.00020537676367295802
SZ300705,0.00020533670085522734
SZ301051,0.00020528190337380808
SZ300423,0.00020521660612776789
SZ002439,0.000205180815593742
SZ300993,0.00020516187271757416
SZ300723,0.00020514082917923152
SZ002254,0.00020496213324588283
SZ300416,0.0002049369306595895
SH600970,0.00020482149806443683
SH603017,0.00020477326480254735
SZ003043,0.00020474182056426845
SZ300748,0.00020470829068577277
SZ002734,0.00020464335778821457
SZ000838,0.0002045952083802197
SZ300310,0.0002044968865349025
SH600855,0.0002044028371113791
SZ300235,0.00020439865914479599
SZ002430,0.00020435897697896127
SH688789,0.00020432557236700958
SZ300130,0.00020428591857163283
SH603507,0.00020428383195611984
SZ300696,0.00020425462381404657
SZ300582,0.00020422333864314013
SZ002435,0.0002039879647100821
SH603579,0.00020395468126982184
SZ002015,0.00020387359836901122
SH688682,0.0002038694420093372
SZ300846,0.0002038528182652125
SH688526,0.00020378635039025085
SZ002822,0.0002037614361106017
SZ000975,0.000203701251744192
SZ002572,0.0002036908787224508
SZ300435,0.0002035623409669211
SH600745,0.0002035291962632039
SH600536,0.0002034981329046306
SH601163,0.00020340499969489248
SZ002717,0.00020340086241965667
SZ300002,0.00020339879384515252
SH688670,0.00020337811041397616
SH603992,0.00020335122824141857
SH605117,0.00020330988492660513
SH605099,0.0002033016182808815
SH688109,0.00020327475632438586
SZ002019,0.00020318389158107547
SH688777,0.00020314467964084018
SZ300491,0.00020304774667763125
SZ002791,0.00020294266869609335
SH603939,0.0002029117841018617
SH600566,0.00020289737450797385
SH600058,0.0002027718917603642
SZ301047,0.0002027431143369793
SZ000892,0.00020263835133437353
SZ300033,0.00020252549289641835
SH600460,0.00020225105423362017
SH603298,0.00020213045499565418
SH688606,0.00020184893625610595
SH600149,0.00020184689912701217
SH601882,0.00020172678124747838
SH601618,0.00020168812964512975
SH601700,0.00020159054943504247
SZ300751,0.00020144841409735999
SZ300418,0.0002014200110781006
SZ000514,0.00020130850528434828
SZ300709,0.0002013024267007539
SZ002301,0.00020128216740637864
SZ002665,0.00020114855826770862
SZ002733,0.00020110001709350146
SZ300857,0.00020108384190788348
SZ300860,0.0002010413944231117
SZ002955,0.00020097472742802591
SH601858,0.00020085564504790403
SH603826,0.00020083144217058623
SZ002829,0.00020071051522389257
SZ002614,0.00020068634730779266
SH605366,0.0002006682251898823
SH605378,0.0002006501063445564
SZ002681,0.00020062192797672785
SZ300969,0.00020059778138853784
SH600199,0.00020048718385677194
SH600668,0.00020046708831577574
SZ000586,0.0002004269093168449
SH603825,0.00020042690931684485
SH603556,0.00020039276982886456
SH605058,0.00020038875418311523
SZ300525,0.00020038273101624104
SH601226,0.0002003787157728106
SZ300623,0.00020026033843997197
SH600818,0.00020025833324989231
SZ000622,0.00020025632809996793
SZ301040,0.0002002422931747414
SZ300337,0.0002002002002002002
SZ300119,0.00020019018067163804
SZ002330,0.00020014009806864806
SZ000519,0.00019989205828852417
SH603303,0.00019979022026871785
SH688121,0.00019978423302832943
SH688018,0.00019970643154562792
SZ300008,0.00019967054360305495
SZ002757,0.00019966855020665694
SH600217,0.00019961474354495825
SH600881,0.0001995928306255239
SH600707,0.00019955300127713917
SZ300890,0.0001994614540740002
SZ300118,0.0001994256541161455
SZ300614,0.0001994256541161455
SZ300859,0.00019938787921082275
SZ002544,0.00019936402874829294
SZ002541,0.00019932826375115858
SZ003011,0.00019932031771658642
SZ300911,0.00019931237231551147
SH603388,0.0001990643973325371
SZ300702,0.00019899111504671316
SZ300403,0.00019894756736862
SH603636,0.0001988822815775343
SH600562,0.00019884866622257128
SZ002396,0.00019882099152028474
SZ002223,0.0001986807597552253
SZ300680,0.00019865313176662227
SZ300674,0.00019863340219291274
SH600965,0.00019862551146069199
SH603801,0.00019859198284165265
SZ300848,0.00019840876173091802
SZ300656,0.00019839498457478995
SZ300258,0.00019832809416617912
SZ000629,0.0001982632142432293
SZ301078,0.00019824749216922408
SH688071,0.00019818266496229574
SZ300548,0.00019786112127897427
SZ300054,0.00019766556962275524
SZ300981,0.00019763627020830867
SZ300975,0.00019761674209038988
SZ300936,0.00019760112237437509
SH600535,0.00019755427803789093
SZ300093,0.00019752891329468354
SZ300808,0.00019746650474413278
SH600506,0.00019742751942193224
SH600572,0.00019739829053080403
SZ000150,0.00019709870703248184
SZ002702,0.00019708122702771948
SH603389,0.00019698611247907023
SZ000593,0.0001969822322026553
SZ300068,0.00019694537719963366
SZ002785,0.00019677098808551667
SZ300487,0.00019676711627952738
SZ002723,0.00019672453646781094
SH688180,0.00019661623460249112
SZ002354,0.00019658724541951717
SH688358,0.0001964289221945039
SH603042,0.00019634792852935403
SH603029,0.0001962843374912899
SH688160,0.00019626122368872969
SZ002436,0.00019624581751101432
SH603766,0.0001962400408179285
SH688377,0.00019613227160396971
SH603728,0.00019606305387812723
SH600026,0.00019597468007133477
SZ002087,0.00019597468007133477
SZ002380,0.0001958748751297671
SZ000009,0.00019584418636532774
SZ300571,0.00019573685137700875
SZ300379,0.00019573110460848885
SZ000573,0.00019562772044798748
SH601698,0.00019557033198063854
SH603398,0.00019554165037152912
SH600428,0.00019553209170455101
SZ002062,0.00019538691493830657
SZ000638,0.00019538500615462768
SZ002307,0.0001953468383114219
SH603668,0.0001953296676465705
SZ000400,0.00019531059266999346
SZ000029,0.00019529533537091464
SH601117,0.0001951352775311485
SH600774,0.0001950534446438324
SZ002322,0.00019504773793385931
SZ002937,0.00019502871797872235
SZ300125,0.0001950078003120125
SH688772,0.0001948368241597662
SH601100,0.00019482164078785873
SH600781,0.00019476282756673057
SZ300516,0.0001945373900863746
SZ000999,0.000194490095591882
SH688633,0.00019445983918171301
SZ301025,0.00019445983918171296
SZ002434,0.0001942407614237848
SZ003040,0.00019423698854972952
SH600756,0.00019423132951345052
SZ300926,0.00019410691408827983
SZ300526,0.00019405041429763453
SH603883,0.00019404100086348246
SZ002556,0.0001940221767348008
SH603580,0.00019393939393939395
SZ002288,0.00019392435011102166
SH600594,0.00019392058951859213
SZ000671,0.000193903668657411
SZ300473,0.0001938548027527382
SH600556,0.00019384352950298518
SZ301073,0.0001937327456773381
SZ002949,0.0001936802145976778
SZ002517,0.00019356961731286656
SZ002978,0.0001934853483219983
SH603351,0.00019340489314379654
SH603322,0.00019334880123743234
SZ002234,0.00019333945574943206
SH600721,0.00019333384889026373
SH688798,0.00019328526972959387
SZ300022,0.00019326098930300424
SZ300115,0.00019325351962972624
SZ300863,0.0001932479177536862
SH600533,0.00019315273552561688
SH600992,0.00019298499541660637
SZ300717,0.00019297568506368199
SH600537,0.00019289565309645748
SZ300391,0.0001928491533922166
SZ300480,0.0001928398561414673
SZ002363,0.0001928342782212966
SZ002587,0.00019281382860778773
SZ002947,0.000192784091456773
SZ002045,0.0001927710843373494
SZ002547,0.00019268193992177116
SH605098,0.00019267265878635494
SH603970,0.00019260957076957152
SZ002245,0.00019244647582391147
SH605286,0.0001924409206373643
SZ300822,0.00019241500067345248
SH600301,0.00019240944730386262
SH605188,0.0001923465315111705
SZ000880,0.00019233728265887056
SH600192,0.00019229844719003894
SZ002309,0.0001921488000307438
SH603648,0.00019205100874792347
SH688508,0.00019196068645141475
SZ003010,0.00019189990500954705
SH688676,0.0001918262821189131
SZ300456,0.0001917086029235562
SZ300369,0.0001917030902538149
SZ000965,0.00019169206586539385
SZ300745,0.0001916902285905976
SZ000957,0.00019163879919128427
SH600587,0.00019158372687823894
SZ301069,0.0001915415262028808
SH605008,0.00019153052038842387
SZ000014,0.00019147734344333707
SH600479,0.000191453515086537
SZ000737,0.0001913967175462941
SZ003009,0.00019138755980861245
SZ300494,0.00019131615951941381
SH688596,0.00019124115509657678
SZ000981,0.00019120276096786838
SZ300915,0.00019114976584153686
SH603133,0.0001911369783155098
SH688556,0.00019113149847094801
SZ300217,0.00019099278047289816
SZ300545,0.00019097454309340565
SZ301071,0.00019089798411728773
SZ000927,0.00019082330715873637
SZ002735,0.00019077416154756
SH603171,0.0001907086734304676
SZ000056,0.0001906795820303562
SZ300341,0.00019064504751827808
SZ300395,0.0001905524114407668
SZ300721,0.00019051066383440817
SZ300474,0.0001904109067367379
SZ002918,0.00019039821787268071
SZ300732,0.00019028952551306815
SH605108,0.0001901574503689054
SH601868,0.00019012852688417368
SH603379,0.00019011587562619414
SZ300533,0.00019007612548825804
SH603800,0.00018997321377685748
SZ002244,0.00018989384933821993
SH603338,0.00018987582121292673
SH603733,0.00018973711922131884
SH600329,0.00018971912084159403
SZ002007,0.000189679536423213
SZ002857,0.0001896633475580844
SH688286,0.00018964716145611091
SH603200,0.00018963457417556372
SZ002762,0.00018958783604443937
SZ300223,0.00018955189931003108
SZ002962,0.00018951777202907201
SZ003041,0.00018944058196146776
SZ300977,0.00018941546387847105
SZ002044,0.0001894136699845628
SZ300094,0.00018927743339800312
SZ002895,0.00018925773117831862
SH601798,0.00018924340486734038
SZ300532,0.00018915391454026137
SH688767,0.00018913781526909583
SH605196,0.00018908238319435776
SH688418,0.00018897518755787364
SZ001213,0.0001889144972985227
SZ002605,0.00018885741265344664
SZ002289,0.00018884136381232947
SZ300382,0.000188775413890095
SZ002227,0.00018870951001575726
SH600493,0.00018863831432802317
SZ300476,0.00018863475595378448
SH601890,0.00018855828336538825
SZ300165,0.00018850852058513044
SZ002593,0.00018850852058513041
SH600518,0.00018850319041649778
SZ300253,0.00018843392564397296
SZ300666,0.00018833101058420278
SH603699,0.0001883292371724248
SH600647,0.00018829023056138729
SZ300575,0.00018822643640299281
SH603368,0.00018818924310286424
SZ002987,0.00018814144473815417
SZ002530,0.00018809190170317216
SZ002054,0.00018806183473125962
SZ300269,0.00018782164456631982
SZ300392,0.00018766127140511376
SZ300663,0.00018763310223189576
SZ300170,0.000187550404171121
SZ000020,0.00018746075040538388
SH603392,0.0001873641609832871
SH600753,0.0001873624057332896
SH600877,0.00018712925017309452
SZ300971,0.00018712749932166283
SZ002986,0.00018703300197319816
SH688008,0.00018702950390424089
SH603990,0.00018699103377993023
SZ002510,0.00018695432705789978
SZ002630,0.00018694384206984223
SH603100,0.00018688444934497001
SH603529,0.00018686698807788616
SH688800,0.00018651148910772903
SZ002878,0.00018642803877703205
SZ002111,0.00018638460463165743
SH688023,0.0001863828676868022
SH603915,0.00018636029034933233
SH601208,0.00018632209500563627
SZ003031,0.00018631688776270678
SZ300592,0.00018628565041634845
SZ300176,0.0001862284091438149
SH688025,0.0001862128039924025
SZ000909,0.0001861608057039671
SH688359,0.00018612615630874603
SH603378,0.00018610364111773845
SZ002933,0.00018607940008001414
SH603567,0.00018604131977712252
SZ000798,0.00018595310262751734
SH600418,0.0001859219871341985
SH603180,0.000185821796896776
SZ002121,0.00018581316486273051
SH688308,0.0001857682912103733
SZ002855,0.00018570446990659066
SH688368,0.00018562690847665278
SZ000697,0.0001856182945391098
SZ300149,0.00018557695876479974
SZ002746,0.00018554252634703873
SZ300421,0.00018552015212652476
SZ002350,0.00018549778330148955
SZ002685,0.00018539976825028968
SZ000766,0.0001853207438774659
SZ300143,0.0001853138753764188
SH603843,0.00018530700738448425
SH600393,0.0001852967063510446
SZ301066,0.0001852366398073539
SZ300985,0.00018523492419260726
SZ300541,0.0001852177697928339
SZ300148,0.00018518689987870256
SH603860,0.00018496767689846197
SH688608,0.0001849351802193331
SZ002599,0.00018490098552225283
SH688686,0.0001848463003012995
SH688456,0.0001848189698190622
SH600062,0.00018477116091720404
SZ002480,0.0001847677469420938
SH600351,0.00018476091937033476
SZ002531,0.00018475921255623606
SZ300018,0.00018443718991497445
SZ300604,0.00018442188350069617
SZ300502,0.0001843402921793631
SH603933,0.00018431820695248276
SH603936,0.0001842401017005361
SH600387,0.00018423670732156674
SZ300963,0.00018422143416386497
SH600290,0.00018421464690657554
SZ300593,0.00018419937740610438
SZ001202,0.0001841959845275373
SH603669,0.00018416375841398173
SZ301070,0.00018405867790651659
SZ002643,0.00018401464756594624
SH600391,0.0001839689460419081
SZ002271,0.00018395710120399926
SH603609,0.0001839503334099793
SZ300113,0.00018389959082341041
SZ000952,0.0001838657779820731
SH601975,0.0001837965005146302
SH688201,0.0001837576603974678
SZ000513,0.00018374584275030777
SH603085,0.00018373571454819386
SZ002155,0.00018373402662306046
SZ002177,0.00018362774982555363
SZ002487,0.0001835603362825361
SZ000595,0.00018341892883345562
SH603878,0.00018341556464481574
SZ300781,0.00018338865557776597
SZ002107,0.00018338865557776597
SH605222,0.00018336511662021417
SZ300603,0.0001833348611238427
SZ300918,0.00018321393891647275
SZ002612,0.00018317366695363874
SZ300662,0.0001831334126911455
SZ003006,0.00018304458050758264
SZ000826,0.00018301443068785973
SZ301011,0.00018298763918497303
SH688630,0.0001829340797043785
SZ300083,0.00018291734879594652
SH603929,0.000182873862753166
SH600661,0.0001828103434092301
SZ300660,0.00018280867244342073
SH688165,0.00018278194114421494
SZ300556,0.00018269845619804512
SH605020,0.00018258170531312764
SZ300930,0.0001825633723106133
SZ301016,0.00018255004153013447
SZ300908,0.00018247176249475394
SZ002624,0.00018240519489995074
SZ300581,0.0001823968773654595
SZ300451,0.00018231872960309213
SZ301062,0.0001822871569583565
SZ300522,0.00018216263480034975
SH601179,0.0001821477035728272
SZ300919,0.00018213940950403439
SZ000038,0.00018208966094905132
SH603650,0.0001820830298616169
SH601222,0.00018202999854376
SZ000860,0.00018190748185472868
SZ000716,0.00018188597568184503
SH600071,0.00018183967196123177
SZ300946,0.00018183967196123177
SZ002175,0.00018180661230648957
SZ301003,0.00018178347769971188
SZ300698,0.00018176200083610522
SZ002689,0.00018173887758069206
SZ002178,0.00018172896941501441
SH605299,0.00018172896941501441
SZ000533,0.00018170255292086854
SH603811,0.00018159201721492323
SZ300803,0.00018155410312273057
SZ002021,0.00018155410312273057
SZ300146,0.00018123986189522522
SZ300988,0.0001811856790839252
SZ300766,0.00018116598427479256
SH603123,0.0001811495752042461
SZ300131,0.00018111348571014596
SZ002553,0.00018110856552960668
SZ002086,0.0001809790969143064
SH603655,0.00018085144862010343
SZ002568,0.0001808301914087576
SZ300501,0.0001808203820734673
SH600099,0.00018067989845789708
SZ000059,0.00018060484562800822
SZ300180,0.00018057549409969574
SH603496,0.0001805754940996957
SH688551,0.00018056734259041908
SZ002706,0.0001804679534031744
SZ003038,0.00018045492687064087
SZ300096,0.00018041911360089488
SZ002656,0.00018034752968971207
SH603499,0.00018031013342949875
SH603908,0.00017996454698424413
SZ002184,0.00017995968902965735
SZ002126,0.00017993054680893173
SZ300452,0.00017985611510791367
SZ300553,0.00017984964569619797
SH688665,0.00017976073845711355
SH603318,0.000179752660339373
SZ002346,0.00017973650628179088
SZ300260,0.00017972197011223637
SZ300225,0.000179634802446626
SH605089,0.0001795847999425329
SH600268,0.00017956383943401475
SZ300797,0.00017954610744039067
SZ002634,0.00017948165697465718
SH603416,0.00017938506798694076
SZ300594,0.00017933520439729922
SZ300282,0.00017926447784739213
SZ300387,0.00017925805092721227
SH600829,0.00017907187049522323
SZ300661,0.00017901096442157082
SH688722,0.0001789757219433184
SZ002335,0.00017896130856508824
SZ000705,0.00017894209433827213
SZ300711,0.00017894049333894014
SZ002123,0.000178876476848912
SH603538,0.00017881570359508972
SH600158,0.00017871982985872195
SZ301068,0.00017871503887052095
SZ002063,0.0001786320358693128
SZ300007,0.00017848696598930864
SZ300154,0.00017841690678608704
SH688099,0.00017836917067254096
SZ001208,0.00017831033130059554
SZ002201,0.00017830874158605625
SH603283,0.00017828966722233612
SZ002622,0.00017822293907448824
SZ002632,0.00017821499857427998
SZ002014,0.00017813245929673303
SZ002294,0.00017805158154317305
SZ300910,0.00017801513128615933
SZ000663,0.0001779929514791214
SZ002640,0.00017798186364809425
SZ002583,0.00017794227552581942
SZ300793,0.00017789795773144522
SH603966,0.0001778504988706493
SH600227,0.00017783626614975594
SZ301053,0.00017776513670139015
SH605180,0.00017775881683731513
SH688768,0.00017774143952791876
SZ002555,0.00017771774867155984
SZ002837,0.00017769564290283601
SZ300869,0.00017766565101136174
SZ300989,0.00017759781199495623
SH603189,0.00017758992709933493
SZ300589,0.0001775899270993349
SZ003036,0.00017752057019607145
SZ300249,0.00017744024699682383
SH603126,0.00017737887240250813
SZ300293,0.00017736471506358523
SZ300799,0.00017735055998439314
SZ000816,0.00017732540097706296
SZ002825,0.0001772845328109349
SZ002984,0.00017727196178016504
SZ002940,0.00017722169547996068
SZ002103,0.0001770600941959701
SZ300811,0.00017702561560657828
SH603396,0.0001769942830846564
SH600776,0.00017678464095039422
SZ000868,0.00017678307832374285
SZ300031,0.00017668624939264101
SZ002020,0.00017668624939264101
SZ002885,0.0001766097983116103
SZ002031,0.00017658640814416512
SZ300329,0.00017652406464311248
SH688037,0.00017644619714333608
SZ002989,0.0001764041772509173
SH688136,0.0001763886194062759
SZ002896,0.00017635906706053525
SH688021,0.00017630310029001858
SH688700,0.00017626270193095788
SH603577,0.00017624561589030472
SZ300052,0.00017622542756694362
SZ300941,0.00017619903442929135
SZ002424,0.000176146271864156
SZ000037,0.00017613851532845428
SZ300497,0.00017610439468516937
SZ300142,0.0001759773341193654
SZ000665,0.0001759463715459528
SH600520,0.0001759138725679907
SZ002189,0.00017591232529707193
SZ300458,0.00017582263013072411
SH600130,0.0001757546465134672
SZ300795,0.0001756928888303246
SH603815,0.00017564042891392742
SH600476,0.00017548169725897588
SZ000670,0.00017547092008176943
SH600730,0.00017544629150401334
SZ300445,0.0001754216698388752
SH605377,0.00017540628480718464
SZ300636,0.0001753171048133311
SZ300576,0.00017530327466517073
SH688226,0.00017523108599465546
SZ002502,0.00017521726941407343
SZ003002,0.00017520959447739356
SH600095,0.00017507002801120448
SZ002369,0.00017505623681607715
SZ002835,0.0001750485759798344
SH600302,0.00017503785193548105
SH603887,0.00017496128981462852
SZ300951,0.00017493986442160508
SH603701,0.00017482364664644543
SH605005,0.00017476864999956308
SH688060,0.00017473505796835546
SZ300893,0.00017469232314585936
SZ300960,0.00017465570993179693
SZ002550,0.00017462521064166037
SZ300649,0.0001745718625072011
SZ000736,0.00017447744006699934
SZ002197,0.00017446982980468104
SZ002334,0.0001742889012827663
SZ002580,0.00017428586367359742
SH603559,0.00017425397516880855
SZ002672,0.00017424790249087374
SH600633,0.00017420692298311931
SZ002101,0.0001741750633561793
SH688299,0.0001741735465217543
SZ002315,0.00017413563424551384
SZ002306,0.0001740931920857235
SH600990,0.00017404622667780562
SH603716,0.0001738586181717028
SZ300166,0.00017384199501073474
SH688081,0.00017381631092261698
SZ300267,0.0001737981855469429
SZ300802,0.00017377251440139715
SH600056,0.0001736593498193943
SZ002943,0.00017362919748584922
SZ003030,0.0001736276901440242
SZ300900,0.00017361261816508825
SZ002876,0.00017359754880261088
SH600222,0.00017358549519602142
SH600152,0.00017357193688924375
SZ002997,0.0001734650511288238
SH605577,0.0001734500073716253
SZ002463,0.00017344699893330097
SZ300762,0.00017341842397336295
SH603041,0.00017337031900138697
SH600080,0.00017331172713801679
SH600211,0.00017318266441529204
SH688536,0.00017318116481651458
SZ002779,0.00017313618892620937
SZ002690,0.00017298194933358703
SH600644,0.0001728877439878287
SH600665,0.00017265193370165745
SH600223,0.00017250450668023702
SZ002716,0.00017245095925846088
SZ002329,0.0001724464984738485
SH600249,0.00017240190331701264
SH605266,0.00017234099389051174
SZ002981,0.00017232020540568481
SZ300233,0.00017215111424808696
SZ002991,0.00017212000206544002
SH605589,0.00017208001720800173
SZ300850,0.0001720282126268708
SZ300510,0.00017200897886869695
SZ301024,0.0001718966213719069
SH603931,0.00017189071188538325
SZ300346,0.00017186707800187335
SZ000070,0.00017185231012467882
SZ003021,0.00017183016306682473
SZ002296,0.0001717873616038068
SZ003020,0.00017178293508322883
SZ000587,0.00017177113214353194
SZ300654,0.00017175195582539698
SZ300774,0.0001716782406413899
SH603232,0.00017165761172764803
SH600962,0.00017165613842351002
SH688026,0.0001716001716001716
SH688575,0.00017157514562440485
SZ000516,0.00017147658487233567
SH600775,0.00017145600438927373
SH601068,0.00017118744168927768
SZ000821,0.00017118597644480963
SH603011,0.00017110542660860487
SZ002080,0.0001710820081606118
SZ002562,0.0001710820081606118
SH600571,0.00017107030134033577
SZ003033,0.00017095332119564753
SH688560,0.00017095185995623632
SH688357,0.00017094747638787982
SZ300720,0.00017090365306558428
SZ300415,0.00017089343085651787
SZ002144,0.00017089343085651787
SZ002017,0.00017076502732240437
SZ002426,0.00017073004165813017
SZ002877,0.00017071692572960147
SZ002903,0.0001706135262403603
SZ000820,0.00017060770464394172
SZ000690,0.0001705960626428742
SH600557,0.00017057714777951195
SZ002395,0.00017055387370485653
SZ300551,0.00017054078482869179
SH688766,0.00017053206002728513
SH603719,0.0001705131593530731
SZ002655,0.00017048554282596834
SZ002323,0.00017048263634348839
SZ002584,0.00017047827680557803
SH688711,0.00017029972752043596
SZ000610,0.000170264932234557
SZ300026,0.0001702185606318513
SH688323,0.00017020986876819117
SZ300613,0.000170204074685548
SZ000851,0.00017013312917357832
SH603021,0.00017003043544794517
SZ002769,0.00016993941659798284
SZ300286,0.000169785052124011
SZ002523,0.00016969429572624917
SH688697,0.00016968421767091438
SZ300839,0.00016965542982203146
SH688386,0.00016964535638248242
SH600892,0.000169530316258805
SZ000626,0.00016952600528921137
SH605007,0.00016936091658128057
SZ003015,0.00016935661422256846
SH600636,0.00016935374610486383
SH600613,0.00016928207472110778
SZ300617,0.00016913462270294038
SZ300472,0.00016903170189569054
SZ301017,0.00016902170238658644
SZ002871,0.00016896743997431692
SH688378,0.00016894032183131308
SH605337,0.00016889466883977805
SH688185,0.00016885189156331523
SH688221,0.00016881056078868294
SZ300966,0.0001687692502426058
SZ002389,0.00016874361938189214
SZ002522,0.00016866250632484398
SZ000996,0.00016866108398478675
SZ002046,0.00016862979857170562
SZ300151,0.0001685573179159573
SZ002846,0.0001685218109353803
SH603565,0.00016851755110294737
SZ002397,0.00016847922229990984
SZ002651,0.00016847212628670583
SZ300827,0.0001684281443429197
SZ000929,0.0001683161650844947
SH603106,0.00016827934371055952
SZ002848,0.00016815200941651252
SH688786,0.0001680305143414044
SZ000819,0.00016797265405192033
SZ002305,0.00016796419003468462
SZ300994,0.00016791201410460918
SZ002819,0.00016790496578936322
SH603789,0.0001678331067586392
SH688298,0.00016780071986508823
SH603858,0.00016778241975805774
SZ002193,0.00016770222792409796
SZ300025,0.00016768676113020878
SH600833,0.00016764459346186087
SH688020,0.000167484549550304
SZ002803,0.00016742145840832417
SZ002771,0.000167396235258669
SZ002358,0.00016722408026755852
SH688595,0.00016722268208459794
SZ002941,0.0001671597880413888
SZ002606,0.00016715699384862263
SZ000985,0.0001671541997492687
SH688577,0.00016703832694411734
SH688787,0.0001670355368104564
SH688501,0.0001670355368104564
SZ300467,0.0001669532697797886
SZ300514,0.000166893363485401
SZ002383,0.00016684463427656164
SH603918,0.0001667542126282965
SH688305,0.00016673336001067092
SZ300655,0.00016671668167116802
SZ002560,0.0001667083437526048
SZ300109,0.0001666333399986669
SZ300058,0.000166602802259134
SH603331,0.00016638796682223945
SH605289,0.00016633676541525974
SZ300747,0.0001663049533930368
SZ002790,0.00016617230406208196
SH603516,0.00016606606107909724
SH688699,0.00016605640936226035
SZ300870,0.00016599990040005975
SZ002093,0.00016593379241682568
SZ002669,0.00016591589723169325
SH603439,0.00016589112565423315
SZ002115,0.00016584710555339033
SH688089,0.00016581273110149398
SZ002765,0.00016580310880829016
SZ002388,0.00016573578401312626
SH688059,0.00016563970052342142
SZ300105,0.00016548893706455723
SZ002057,0.00016545744848068698
SZ300967,0.000165456079683648
SZ002805,0.0001653603201375798
SZ002166,0.0001653152147857928
SZ002686,0.00016523736347262845
SZ002343,0.00016521415885341375
SZ300638,0.0001651173158529135
SH688015,0.0001650886939007982
SZ002441,0.0001650859685181058
SZ300248,0.0001649511744523621
SH688080,0.00016493757112932757
SZ300479,0.000164887258337112
SZ002900,0.00016483018370323972
SZ002786,0.00016482203340942617
SZ000980,0.00016479351372729968
SZ002361,0.0001647867247814516
SZ000564,0.0001647365039619129
SZ000650,0.0001645575869275453
SZ002537,0.0001645223914974828
SZ300909,0.00016451021197140813
SZ300567,0.0001644588071802715
SZ002116,0.00016443717266725316
SZ002750,0.00016436825062870856
SZ000065,0.00016436419819035019
SZ002598,0.000164331785875683
SZ002024,0.00016432233469173128
SZ002960,0.00016423057973394647
SZ000420,0.00016420630880638435
SZ300112,0.00016418608851272032
SZ300560,0.0001641564410883572
SZ002137,0.00016413353904736892
SZ300468,0.00016412949817405932
SH605398,0.00016412007024339006
SZ002862,0.00016409852475426248
SZ002265,0.0001640864079024014
SZ301037,0.00016400836442658574
SZ300864,0.00016395189651356295
SZ300986,0.0001639451767329005
SH603212,0.00016381626367865801
SZ001203,0.00016377333770062233
SZ300039,0.00016375188314665616
SZ002279,0.00016374517975127108
SZ000151,0.00016368219465086588
SZ300380,0.00016362059656069506
SZ000523,0.00016354299545350473
SZ000025,0.0001635189273158368
SZ301076,0.00016345344437270653
SZ300737,0.00016344008695012626
SZ300513,0.0001633933531583935
SZ000722,0.00016335998823808082
SZ300247,0.00016333197223356472
SH603998,0.00016327197028450142
SZ002051,0.00016326663891133805
SZ002840,0.00016325864250438759
SH603810,0.00016325730984604835
SZ300615,0.00016314544416347175
SZ003025,0.0001631108501337509
SH688499,0.00016307095217128973
SH688520,0.00016303638972218598
SH603773,0.00016301911399111546
SZ002767,0.000162904920543125
SH603530,0.0001628439059739287
SZ002639,0.00016282799664574325
SZ301041,0.00016279088696614761
SZ002761,0.00016274452364677927
SH605177,0.0001627114231554626
SZ300353,0.00016267568974492452
SH688618,0.00016265981326653436
SZ300902,0.00016256726220473724
SH603286,0.00016251574371267216
SH688355,0.00016242995208316414
SZ300785,0.00016242731377708475
SZ002235,0.00016239038648911984
SZ300809,0.00016227575519079572
SZ002860,0.00016224810980952072
SZ000831,0.00016215865602905882
SZ002213,0.00016208768943998703
SZ002592,0.00016181229773462783
SZ301018,0.00016177826670765052
SZ300339,0.00016174424999191277
SH688558,0.0001616148556375302
SZ300030,0.00016152218507211965
SZ002060,0.00016152088061184108
SZ000045,0.00016150001211250088
SZ002117,0.0001614426515341088
SZ300726,0.00016138012281027346
SZ002112,0.00016135278172195688
SZ300196,0.00016135147999645025
SZ300837,0.0001612799174246823
SZ000829,0.00016125911113977937
SZ002768,0.0001611720430974043
SZ300998,0.00016115516018822923
SZ002043,0.0001610837716154286
SZ002205,0.00016107469033390783
SZ002349,0.00016105912480471581
SZ300587,0.0001610292992810042
SZ301038,0.0001609114021819586
SZ002990,0.00016077945881634164
SZ300264,0.00016068516152875861
SH605199,0.00016068257959813288
SH605001,0.00016064515092611932
SZ301050,0.0001605935537747515
SZ002864,0.00016053554658340224
SZ300488,0.00016050333846944018
SZ300768,0.0001604556941714469
SZ003007,0.0001601832496375854
SH603950,0.0001601640079441348
SH688310,0.00016014477087286907
SZ000756,0.0001601332308480656
SZ002164,0.00016002048262177558
SZ002747,0.0001600192023042765
SH605100,0.00015999104050173189
SZ300871,0.00015998336173038004
SZ000607,0.00015997184495528786
SZ002168,0.00015995137478206625
SZ002231,0.00015994497892724902
SZ002446,0.00015989255220491829
SH603778,0.00015980823012385137
SZ002347,0.00015972272135572645
SZ000701,0.00015967553930413398
SZ300439,0.000159610550257372
SZ003027,0.0001595074410221237
SZ301059,0.0001594896331738437
SZ300360,0.00015931050413809037
SZ000920,0.00015927751718206216
SZ000066,0.00015923440099999204
SZ002119,0.00015916977047719097
SZ300565,0.00015913557555359288
SZ002638,0.00015906596465554263
SH688068,0.00015901031976975306
SZ002104,0.00015899009491708664
SZ300895,0.00015898503950778232
SZ002535,0.0001589812481617793
SZ300724,0.00015897998441996152
SZ000928,0.00015888652324509836
SZ300550,0.00015884109536819365
SH688659,0.0001588057805304113
SZ002368,0.00015878686832598943
SZ002565,0.00015878182583221523
SZ002471,0.00015877300223869932
SZ002935,0.00015874653734115424
SZ002066,0.0001584396859725424
SZ300081,0.00015843090036280678
SZ300677,0.00015839451321406225
SZ300204,0.00015831677603717276
SZ300598,0.00015821533106558027
SZ002272,0.00015820156461347402
SZ002965,0.000158052789631737
SZ300254,0.00015803405633914107
SZ002667,0.00015779964179481315
SZ002268,0.00015774985605325633
SZ002238,0.00015770258868799333
SZ300624,0.00015769637140649394
SZ002782,0.00015768642477569106
SZ300782,0.00015763546798029557
SZ002090,0.00015756592164246715
SZ002642,0.0001575162832457805
SZ002853,0.00015746915572912155
SZ300527,0.00015739232397635964
SZ002458,0.00015736755553107616
SZ002621,0.0001573440327275588
SZ300678,0.00015723641280847818
SZ000837,0.0001570820439515559
SZ300013,0.00015707094109054353
SZ300792,0.0001570265453374893
SH688566,0.00015700189187279706
SZ002737,0.00015693167195003293
SZ000721,0.00015692059033526085
SZ002246,0.00015690951028541838
SZ300559,0.00015688366291976186
SH688398,0.00015685044310250176
SZ002836,0.00015674104029028438
SZ300315,0.00015658151242082846
SZ300404,0.0001565778348416998
SZ002845,0.00015656067508963099
SZ002838,0.00015653249223207509
SZ000590,0.0001564504521418067
SZ002629,0.00015631594578963
SZ002657,0.00015631472406543332
SZ002401,0.0001562744178777934
SZ300688,0.00015624023498531342
SZ300256,0.00015618776893581464
SZ002552,0.0001561231499406732
SZ300092,0.0001560464082017992
SZ002869,0.00015595149908378494
SZ300942,0.00015585791992020075
SZ000526,0.00015581420713940697
SZ000779,0.0001558117793705204
SZ000948,0.0001557280676482726
SZ300607,0.00015565655936741174
SZ002581,0.00015562385713729915
SZ300573,0.0001555584938826622
SZ300643,0.00015547747131440656
SZ000815,0.00015544121990269382
SZ002976,0.00015542793195365138
SZ002703,0.0001553723887727912
SZ002412,0.00015536031942081673
SZ000032,0.00015513015419937328
SZ000678,0.00015497268606408122
SZ300876,0.00015487548011398832
SZ002077,0.00015486948374257594
SZ300534,0.00015486108960262646
SZ000681,0.00015483831009468362
SZ300199,0.00015482991933361202
SZ000953,0.00015479277117758601
SZ000153,0.00015478079170374957
SZ002666,0.00015466707911221097
SZ300519,0.00015463598688686834
SZ002908,0.00015455114483760537
SZ002108,0.00015448548608858198
SZ300542,0.00015429717636167257
SZ002095,0.00015422221879506182
SZ300881,0.00015418179575537515
SZ000788,0.00015411526280505191
SZ002079,0.00015407726975078
SZ300913,0.0001538935056940597
SZ002868,0.00015365467648007866
SZ002566,0.00015363579099386993
SZ300226,0.0001535862386730149
SZ300051,0.00015351550506601167
SZ002931,0.00015339070145567774
SZ003005,0.00015322852502221813
SZ002915,0.00015320857048743306
SZ002579,0.000153161639135862
SZ300311,0.00015314639263672142
SZ300206,0.00015313114917270897
SZ300065,0.00015312645948656697
SZ002843,0.00015311004784688995
SZ300043,0.0001530772351189793
SZ002194,0.00015306083402848462
SZ000919,0.00015302804238876775
SZ300757,0.00015288766578756258
SZ003023,0.0001528759793617428
SZ300237,0.00015282458030549634
SZ002432,0.0001526204938799182
SZ000863,0.00015253435836422156
SZ002873,0.00015248667647664284
SZ300865,0.00015233568691969623
SZ002248,0.00015229508696049465
SZ002370,0.00015229392727964973
SZ002263,0.0001522197444230491
SZ002528,0.0001521687856170064
SZ300181,0.00015215257860582592
SZ300364,0.0001520808461778281
SZ002133,0.0001520658140843357
SZ300437,0.00015186028853454822
SZ002559,0.00015181302707585335
SZ300700,0.00015176349177441873
SZ002072,0.00015170363178494494
SZ002992,0.00015164956817785463
SZ300780,0.00015160933307054383
SZ300950,0.00015136837006539115
SZ002181,0.00015135920566688866
SZ002188,0.00015130309793093014
SZ002932,0.0001513008087028225
SZ300503,0.00015128478604549132
SZ002607,0.00015127105503997336
SZ300366,0.00015112360399570807
SZ300718,0.00015099467743762032
SZ002800,0.000150939978717463
SZ300201,0.00015093997871746298
SZ300825,0.00015093086611677522
SZ300075,0.00015091264421589562
SZ002514,0.00015058993607457212
SZ002858,0.00015056272819663494
SZ300076,0.00015053553014850328
SZ300338,0.00015041439164899297
SZ300755,0.00015033411757631334
SZ002693,0.0001503228182521966
SZ300374,0.00015030813166992335
SZ002972,0.00015023135628868456
SZ300882,0.00015021443110039583
SZ300730,0.00015018510313961957
SZ002229,0.0001501726986033939
SZ002866,0.0001500881768038723
SZ002529,0.0001500679057273416
SZ002317,0.000149934029027228
SZ300410,0.00014983405877990128
SZ300990,0.0001497555241068955
SZ300612,0.0001496356372233611
SZ002912,0.00014958975011032246
SZ301048,0.00014955731036133047
SZ300917,0.0001494299248367478
SZ002585,0.00014940983116689077
SZ003029,0.0001494064827472864
SZ300327,0.00014934735207144777
SZ300263,0.00014919360854580987
SZ300396,0.00014915911548644517
SZ300937,0.0001491301981194682
SZ002953,0.000149126862221692
SZ300672,0.00014911685542375283
SZ002516,0.00014905684282701207
SZ002728,0.00014901686125785133
SZ002339,0.0001490068692166709
SZ002828,0.00014895249160280327
SZ300831,0.00014892587214713877
SZ002652,0.00014891145724752063
SZ002474,0.00014866130494893483
SZ002644,0.00014865688504363077
SZ002780,0.0001484516492978237
SZ002817,0.00014843402107763098
SZ300140,0.00014838116152773243
SZ300147,0.00014828435006969366
SZ300753,0.00014828435006969366
SZ002420,0.0001482447817836812
SZ300659,0.00014822610409919292
SZ002603,0.0001481766858802436
SZ002741,0.00014807794823194927
SZ002551,0.00014806260086764684
SZ002781,0.0001478874280897381
SZ300490,0.0001478677470870054
SZ300537,0.00014781419755367504
SZ300687,0.00014779781259237365
SZ002467,0.0001477650535648319
SZ300077,0.0001477519540195919
SZ300132,0.0001477017606049864
SZ300359,0.00014768103849306267
SZ002826,0.00014766686355581807
SZ300806,0.00014751873487932966
SZ300579,0.000147508942729653
SZ300693,0.0001474969763119856
SZ300640,0.00014749697631198557
SZ003026,0.0001473687313025922
SZ002883,0.00014736221632773356
SZ002808,0.00014732965009208102
SZ300539,0.00014707828977364651
SZ300425,0.00014705449839710598
SZ300174,0.00014682670777814484
SZ300758,0.00014679653266589843
SZ300246,0.00014679006818398666
SZ002907,0.0001467879134832038
SZ301058,0.0001467491396831686
SZ301030,0.0001464343242055938
SZ003032,0.00014634217727891354
SZ300356,0.00014631327134527738
SZ300852,0.00014630898995588782
SZ002758,0.00014630256834158724
SZ300495,0.00014624159110851126
SZ300675,0.00014610591217573617
SZ300842,0.00014605043121389814
SZ300212,0.0001460205742989187
SZ003004,0.00014599499237176165
SZ300261,0.00014578747102474016
SZ003042,0.00014574816175130992
SZ002999,0.00014546618274916538
SZ300796,0.00014542493165028213
SZ300161,0.000145397443912936
SZ300631,0.00014532137822795112
SZ300620,0.00014527915389420774
SZ002875,0.0001452791538942077
SZ300632,0.0001452316808388582
SZ300086,0.00014518845461408908
SZ300629,0.00014517159282271646
SZ300412,0.0001451673779868188
SZ002995,0.00014512524308478217
SZ300925,0.00014483307987544355
SZ300205,0.00014476703365109698
SZ300817,0.00014466232197493003
SZ002979,0.00014458075196449097
SZ300010,0.00014456403102344105
SZ301060,0.00014450136192533614
SZ300057,0.00014450031790069938
SZ300546,0.0001444241448285324
SZ300648,0.00014437201781550702
SZ300568,0.00014434492663669102
SZ300499,0.00014414310527491696
SZ300710,0.00014413064001210697
SZ300071,0.00014387247144131442
SZ301032,0.00014377835129364573
SZ002980,0.00014374941601799743
SZ300436,0.00014351011387527535
SZ300921,0.00014343703831203294
SZ300566,0.00014339076133324728
SZ300192,0.00014313011242870333
SZ300482,0.00014305946982160484
SZ300158,0.00014278778878830284
SZ300554,0.00014275823179654096
SZ300791,0.000142741929728148
SZ300706,0.0001425831794623188
SZ300879,0.00014244811327473967
SZ301012,0.0001423183661851562
SZ301077,0.0001421635876402977
SZ300586,0.00014214236979758927
SZ300434,0.00014150476163522904
SZ300838,0.00014139471749335445
SZ300955,0.00014119706874885277
SZ300515,0.0001411333004022299
SZ300952,0.00014070733577695074
SZ300878,0.0001405807390329451
SZ300845,0.00014039127047080213
SZ300736,0.00014033905916694734
SZ300779,0.00014012765629488463
SZ301049,0.00014012372925293034
SZ300716,0.0001398503601146773
SZ301052,0.00013967065659175663
SZ301026,0.00013966968120395266
SZ300686,0.0001395215805004639
SZ301043,0.00013913140265323583
SZ300959,0.00013911398304200547
SZ300912,0.00013890818169190166
SZ300813,0.00013834224487960768
SZ300816,0.00013816066703970046
SZ300847,0.00013776286877397934
